atom_types = ['Cu','Cu','Cu','Cu','Cu','Cu','Cu','Cu','Cu','Cu','Cu','Cu','Cu','Cu','Cu','Cu']
spin_up_site_density = [  0.500,  0.000,  0.500,  0.000,  0.000,
			   0.500,  0.000,  0.500,  0.500,  0.000,
			   0.500,  0.000,  0.000,  0.500,  0.000,
			   0.500]
spin_down_site_density = [  0.000,  0.500,  0.000,  0.500,  0.500,
			   0.000,  0.500,  0.000,  0.000,  0.500,
			   0.000,  0.500,  0.500,  0.000,  0.500,
			   0.000]
atom_positions =  [[  0.000000,  0.000000,  0.000000],
	[  0.250000,  0.000000,  0.000000],
	[  0.500000,  0.000000,  0.000000],
	[  0.750000,  0.000000,  0.000000],
	[  0.000000,  0.250000,  0.000000],
	[  0.250000,  0.250000,  0.000000],
	[  0.500000,  0.250000,  0.000000],
	[  0.750000,  0.250000,  0.000000],
	[  0.000000,  0.500000,  0.000000],
	[  0.250000,  0.500000,  0.000000],
	[  0.500000,  0.500000,  0.000000],
	[  0.750000,  0.500000,  0.000000],
	[  0.000000,  0.750000,  0.000000],
	[  0.250000,  0.750000,  0.000000],
	[  0.500000,  0.750000,  0.000000],
	[  0.750000,  0.750000,  0.000000]]
lattice_vectors = [[  4.000000,  0.000000,  0.000000],
		   [  0.000000,  4.000000,  0.000000],
		   [  0.000000,  0.000000, 10.000000]]
num_electrons =   8.000
