atom_types = ['Cu','Cu','Cu','Cu','Cu','Cu','Cu','Cu','Cu','Cu','Cu','Cu','Cu','Cu','Cu','Cu','Cu','Cu','Cu','Cu',
	 'Cu','Cu','Cu','Cu','Cu','Cu','Cu','Cu','Cu','Cu','Cu','Cu','Cu','Cu','Cu','Cu','Cu','Cu','Cu','Cu',
	 'Cu','Cu','Cu','Cu','Cu','Cu','Cu','Cu','Cu','Cu','Cu','Cu','Cu','Cu','Cu','Cu','Cu','Cu','Cu','Cu',
	 'Cu','Cu','Cu','Cu']
spin_up_site_density = [  1.000,  0.000,  1.000,  0.000,  1.000,
			   0.000,  1.000,  0.000,  0.000,  1.000,
			   0.000,  1.000,  0.000,  1.000,  0.000,
			   1.000,  1.000,  0.000,  1.000,  0.000,
			   1.000,  0.000,  1.000,  0.000,  0.000,
			   1.000,  0.000,  1.000,  0.000,  1.000,
			   0.000,  1.000,  1.000,  0.000,  1.000,
			   0.000,  1.000,  0.000,  1.000,  0.000,
			   0.000,  1.000,  0.000,  1.000,  0.000,
			   1.000,  0.000,  1.000,  1.000,  0.000,
			   1.000,  0.000,  1.000,  0.000,  1.000,
			   0.000,  0.000,  1.000,  0.000,  1.000,
			   0.000,  1.000,  0.000,  1.000]
spin_down_site_density = [  0.000,  1.000,  0.000,  1.000,  0.000,
			   1.000,  0.000,  1.000,  1.000,  0.000,
			   1.000,  0.000,  1.000,  0.000,  1.000,
			   0.000,  0.000,  1.000,  0.000,  1.000,
			   0.000,  1.000,  0.000,  1.000,  1.000,
			   0.000,  1.000,  0.000,  1.000,  0.000,
			   1.000,  0.000,  0.000,  1.000,  0.000,
			   1.000,  0.000,  1.000,  0.000,  1.000,
			   1.000,  0.000,  1.000,  0.000,  1.000,
			   0.000,  1.000,  0.000,  0.000,  1.000,
			   0.000,  1.000,  0.000,  1.000,  0.000,
			   1.000,  1.000,  0.000,  1.000,  0.000,
			   1.000,  0.000,  1.000,  0.000]
atom_positions =  [[  0.000000,  0.000000,  0.000000],
	[  0.125000,  0.000000,  0.000000],
	[  0.250000,  0.000000,  0.000000],
	[  0.375000,  0.000000,  0.000000],
	[  0.500000,  0.000000,  0.000000],
	[  0.625000,  0.000000,  0.000000],
	[  0.750000,  0.000000,  0.000000],
	[  0.875000,  0.000000,  0.000000],
	[  0.000000,  0.125000,  0.000000],
	[  0.125000,  0.125000,  0.000000],
	[  0.250000,  0.125000,  0.000000],
	[  0.375000,  0.125000,  0.000000],
	[  0.500000,  0.125000,  0.000000],
	[  0.625000,  0.125000,  0.000000],
	[  0.750000,  0.125000,  0.000000],
	[  0.875000,  0.125000,  0.000000],
	[  0.000000,  0.250000,  0.000000],
	[  0.125000,  0.250000,  0.000000],
	[  0.250000,  0.250000,  0.000000],
	[  0.375000,  0.250000,  0.000000],
	[  0.500000,  0.250000,  0.000000],
	[  0.625000,  0.250000,  0.000000],
	[  0.750000,  0.250000,  0.000000],
	[  0.875000,  0.250000,  0.000000],
	[  0.000000,  0.375000,  0.000000],
	[  0.125000,  0.375000,  0.000000],
	[  0.250000,  0.375000,  0.000000],
	[  0.375000,  0.375000,  0.000000],
	[  0.500000,  0.375000,  0.000000],
	[  0.625000,  0.375000,  0.000000],
	[  0.750000,  0.375000,  0.000000],
	[  0.875000,  0.375000,  0.000000],
	[  0.000000,  0.500000,  0.000000],
	[  0.125000,  0.500000,  0.000000],
	[  0.250000,  0.500000,  0.000000],
	[  0.375000,  0.500000,  0.000000],
	[  0.500000,  0.500000,  0.000000],
	[  0.625000,  0.500000,  0.000000],
	[  0.750000,  0.500000,  0.000000],
	[  0.875000,  0.500000,  0.000000],
	[  0.000000,  0.625000,  0.000000],
	[  0.125000,  0.625000,  0.000000],
	[  0.250000,  0.625000,  0.000000],
	[  0.375000,  0.625000,  0.000000],
	[  0.500000,  0.625000,  0.000000],
	[  0.625000,  0.625000,  0.000000],
	[  0.750000,  0.625000,  0.000000],
	[  0.875000,  0.625000,  0.000000],
	[  0.000000,  0.750000,  0.000000],
	[  0.125000,  0.750000,  0.000000],
	[  0.250000,  0.750000,  0.000000],
	[  0.375000,  0.750000,  0.000000],
	[  0.500000,  0.750000,  0.000000],
	[  0.625000,  0.750000,  0.000000],
	[  0.750000,  0.750000,  0.000000],
	[  0.875000,  0.750000,  0.000000],
	[  0.000000,  0.875000,  0.000000],
	[  0.125000,  0.875000,  0.000000],
	[  0.250000,  0.875000,  0.000000],
	[  0.375000,  0.875000,  0.000000],
	[  0.500000,  0.875000,  0.000000],
	[  0.625000,  0.875000,  0.000000],
	[  0.750000,  0.875000,  0.000000],
	[  0.875000,  0.875000,  0.000000]]
lattice_vectors = [[  8.000000,  0.000000,  0.000000],
		   [  0.000000,  8.000000,  0.000000],
		   [  0.000000,  0.000000, 10.000000]]
num_electrons =  64.000
