atom_types = ['Cu','Cu','Cu','Cu','Cu','Cu','Cu','Cu','Cu','Cu','Cu','Cu','Cu','Cu','Cu','Cu','Cu','Cu','Cu','Cu',
	 'Cu','Cu','Cu','Cu','Cu','Cu','Cu','Cu','Cu','Cu','Cu','Cu','Cu','Cu','Cu','Cu']
spin_up_site_density = [  0.667,  0.000,  0.667,  0.000,  0.667,
			   0.000,  0.000,  0.667,  0.000,  0.667,
			   0.000,  0.667,  0.667,  0.000,  0.667,
			   0.000,  0.667,  0.000,  0.000,  0.667,
			   0.000,  0.667,  0.000,  0.667,  0.667,
			   0.000,  0.667,  0.000,  0.667,  0.000,
			   0.000,  0.667,  0.000,  0.667,  0.000,
			   0.667]
spin_down_site_density = [  0.000,  0.667,  0.000,  0.667,  0.000,
			   0.667,  0.667,  0.000,  0.667,  0.000,
			   0.667,  0.000,  0.000,  0.667,  0.000,
			   0.667,  0.000,  0.667,  0.667,  0.000,
			   0.667,  0.000,  0.667,  0.000,  0.000,
			   0.667,  0.000,  0.667,  0.000,  0.667,
			   0.667,  0.000,  0.667,  0.000,  0.667,
			   0.000]
atom_positions =  [[  0.000000,  0.000000,  0.000000],
	[  0.166667,  0.000000,  0.000000],
	[  0.333333,  0.000000,  0.000000],
	[  0.500000,  0.000000,  0.000000],
	[  0.666667,  0.000000,  0.000000],
	[  0.833333,  0.000000,  0.000000],
	[  0.000000,  0.166667,  0.000000],
	[  0.166667,  0.166667,  0.000000],
	[  0.333333,  0.166667,  0.000000],
	[  0.500000,  0.166667,  0.000000],
	[  0.666667,  0.166667,  0.000000],
	[  0.833333,  0.166667,  0.000000],
	[  0.000000,  0.333333,  0.000000],
	[  0.166667,  0.333333,  0.000000],
	[  0.333333,  0.333333,  0.000000],
	[  0.500000,  0.333333,  0.000000],
	[  0.666667,  0.333333,  0.000000],
	[  0.833333,  0.333333,  0.000000],
	[  0.000000,  0.500000,  0.000000],
	[  0.166667,  0.500000,  0.000000],
	[  0.333333,  0.500000,  0.000000],
	[  0.500000,  0.500000,  0.000000],
	[  0.666667,  0.500000,  0.000000],
	[  0.833333,  0.500000,  0.000000],
	[  0.000000,  0.666667,  0.000000],
	[  0.166667,  0.666667,  0.000000],
	[  0.333333,  0.666667,  0.000000],
	[  0.500000,  0.666667,  0.000000],
	[  0.666667,  0.666667,  0.000000],
	[  0.833333,  0.666667,  0.000000],
	[  0.000000,  0.833333,  0.000000],
	[  0.166667,  0.833333,  0.000000],
	[  0.333333,  0.833333,  0.000000],
	[  0.500000,  0.833333,  0.000000],
	[  0.666667,  0.833333,  0.000000],
	[  0.833333,  0.833333,  0.000000]]
lattice_vectors = [[  6.000000,  0.000000,  0.000000],
		   [  0.000000,  6.000000,  0.000000],
		   [  0.000000,  0.000000, 10.000000]]
num_electrons =  24.000
