 85 crystal
 0.000000  0.000000  0.000000  1.0
 0.020000  0.020000  0.000000  1.0
 0.040000  0.040000  0.000000  1.0
 0.060000  0.060000  0.000000  1.0
 0.080000  0.080000  0.000000  1.0
 0.100000  0.100000  0.000000  1.0
 0.120000  0.120000  0.000000  1.0
 0.140000  0.140000  0.000000  1.0
 0.160000  0.160000  0.000000  1.0
 0.180000  0.180000  0.000000  1.0
 0.200000  0.200000  0.000000  1.0
 0.220000  0.220000  0.000000  1.0
 0.240000  0.240000  0.000000  1.0
 0.260000  0.260000  0.000000  1.0
 0.280000  0.280000  0.000000  1.0
 0.300000  0.300000  0.000000  1.0
 0.320000  0.320000  0.000000  1.0
 0.340000  0.340000  0.000000  1.0
 0.360000  0.360000  0.000000  1.0
 0.380000  0.380000  0.000000  1.0
 0.400000  0.400000  0.000000  1.0
 0.420000  0.420000  0.000000  1.0
 0.440000  0.440000  0.000000  1.0
 0.460000  0.460000  0.000000  1.0
 0.480000  0.480000  0.000000  1.0
 0.500000  0.500000  0.000000  1.0
 0.520000  0.480000  0.000000  1.0
 0.540000  0.460000  0.000000  1.0
 0.560000  0.440000  0.000000  1.0
 0.580000  0.420000  0.000000  1.0
 0.600000  0.400000  0.000000  1.0
 0.620000  0.380000  0.000000  1.0
 0.640000  0.360000  0.000000  1.0
 0.660000  0.340000  0.000000  1.0
 0.680000  0.320000  0.000000  1.0
 0.700000  0.300000  0.000000  1.0
 0.720000  0.280000  0.000000  1.0
 0.740000  0.260000  0.000000  1.0
 0.760000  0.240000  0.000000  1.0
 0.780000  0.220000  0.000000  1.0
 0.800000  0.200000  0.000000  1.0
 0.820000  0.180000  0.000000  1.0
 0.840000  0.160000  0.000000  1.0
 0.860000  0.140000  0.000000  1.0
 0.880000  0.120000  0.000000  1.0
 0.900000  0.100000  0.000000  1.0
 0.920000  0.080000  0.000000  1.0
 0.940000  0.060000  0.000000  1.0
 0.960000  0.040000  0.000000  1.0
 0.980000  0.020000  0.000000  1.0
 1.000000  0.000000  0.000000  1.0
 0.970588  0.000000  0.000000  1.0
 0.941176  0.000000  0.000000  1.0
 0.911765  0.000000  0.000000  1.0
 0.882353  0.000000  0.000000  1.0
 0.852941  0.000000  0.000000  1.0
 0.823529  0.000000  0.000000  1.0
 0.794118  0.000000  0.000000  1.0
 0.764706  0.000000  0.000000  1.0
 0.735294  0.000000  0.000000  1.0
 0.705882  0.000000  0.000000  1.0
 0.676471  0.000000  0.000000  1.0
 0.647059  0.000000  0.000000  1.0
 0.617647  0.000000  0.000000  1.0
 0.588235  0.000000  0.000000  1.0
 0.558824  0.000000  0.000000  1.0
 0.529412  0.000000  0.000000  1.0
 0.500000  0.000000  0.000000  1.0
 0.470588  0.000000  0.000000  1.0
 0.441176  0.000000  0.000000  1.0
 0.411765  0.000000  0.000000  1.0
 0.382353  0.000000  0.000000  1.0
 0.352941  0.000000  0.000000  1.0
 0.323529  0.000000  0.000000  1.0
 0.294118  0.000000  0.000000  1.0
 0.264706  0.000000  0.000000  1.0
 0.235294  0.000000  0.000000  1.0
 0.205882  0.000000  0.000000  1.0
 0.176471  0.000000  0.000000  1.0
 0.147059  0.000000  0.000000  1.0
 0.117647  0.000000  0.000000  1.0
 0.088235  0.000000  0.000000  1.0
 0.058824  0.000000  0.000000  1.0
 0.029412  0.000000  0.000000  1.0
 0.000000  0.000000  0.000000  1.0
