

########################################################################
Electrons and Phonons 
author: Tyler C. Sterling
email: ty.sterling@colorado.edu
affil: Physics Dept., University of Colorado Boulder
  Neurtron Scattering and Raman Spectroscopy Lab
########################################################################


*** input-args ***
reading input from:
  'neutrons_n_8_h_0.2500.py'

*** common variables ***

debug: True
task: neutron_scattering
temperature:   0.001
lattice_vectors:
  8.000000   0.000000   0.000000 
  0.000000   2.000000   0.000000 
  0.000000   0.000000  10.000000 
atom_types:
  Cu O O Cu O O Cu O O Cu O O Cu O O Cu O O Cu O 
  O Cu O O Cu O O Cu O O Cu O O Cu O O Cu O O Cu 
  O O Cu O O Cu O O 
atom_files_dir:
  /home/ty/research/repos/elph_calculations/stripes/simulated_anneal_linear/8x2
atom_files:
  Cu.py
  O.py
atom_positions: (reduced coords)
  0.000000   0.000000   0.000000 
  0.062500   0.000000   0.000000 
  0.000000   0.250000   0.000000 
  0.125000   0.000000   0.000000 
  0.187500   0.000000   0.000000 
  0.125000   0.250000   0.000000 
  0.250000   0.000000   0.000000 
  0.312500   0.000000   0.000000 
  0.250000   0.250000   0.000000 
  0.375000   0.000000   0.000000 
  0.437500   0.000000   0.000000 
  0.375000   0.250000   0.000000 
  0.500000   0.000000   0.000000 
  0.562500   0.000000   0.000000 
  0.500000   0.250000   0.000000 
  0.625000   0.000000   0.000000 
  0.687500   0.000000   0.000000 
  0.625000   0.250000   0.000000 
  0.750000   0.000000   0.000000 
  0.812500   0.000000   0.000000 
  0.750000   0.250000   0.000000 
  0.875000   0.000000   0.000000 
  0.937500   0.000000   0.000000 
  0.875000   0.250000   0.000000 
  0.000000   0.500000   0.000000 
  0.062500   0.500000   0.000000 
  0.000000   0.750000   0.000000 
  0.125000   0.500000   0.000000 
  0.187500   0.500000   0.000000 
  0.125000   0.750000   0.000000 
  0.250000   0.500000   0.000000 
  0.312500   0.500000   0.000000 
  0.250000   0.750000   0.000000 
  0.375000   0.500000   0.000000 
  0.437500   0.500000   0.000000 
  0.375000   0.750000   0.000000 
  0.500000   0.500000   0.000000 
  0.562500   0.500000   0.000000 
  0.500000   0.750000   0.000000 
  0.625000   0.500000   0.000000 
  0.687500   0.500000   0.000000 
  0.625000   0.750000   0.000000 
  0.750000   0.500000   0.000000 
  0.812500   0.500000   0.000000 
  0.750000   0.750000   0.000000 
  0.875000   0.500000   0.000000 
  0.937500   0.500000   0.000000 
  0.875000   0.750000   0.000000 

*** phonon variables ***

num_qpts_procs: 4
qpts_option: path
use_qpts_symmetry: False
qpts_path: (rlu)
  0.000  1.000  0.000
  20.000  1.000  0.000
qpts_steps: 801
spring_constants_file:
  spring_constants.py
neutron_energy_step:   0.001
neutron_delta_width:   0.003
phonon_output_file: neutrons.hdf5
write_phonon_eigenvectors: True

########################################################################
####################### setting up common stuff ########################
########################################################################

*** lattice (row vectors!) ***
direct_lattice
    8.00000   0.00000   0.00000 
    0.00000   2.00000   0.00000 
    0.00000   0.00000  10.00000 
reciprocal_lattice
    0.78540   0.00000   0.00000 
    0.00000   3.14159   0.00000 
    0.00000   0.00000   0.62832 

*** atoms ***
unique_atom_types:
  0  Cu
  1  O
num_atoms: 48
 (ind) (type) ---- (crystal coords) -----   ---- (cartesian coords) ----
    0    0    0.00000   0.00000   0.00000    0.00000   0.00000   0.00000
    1    1    0.06250   0.00000   0.00000    0.50000   0.00000   0.00000
    2    1    0.00000   0.25000   0.00000    0.00000   0.50000   0.00000
    3    0    0.12500   0.00000   0.00000    1.00000   0.00000   0.00000
    4    1    0.18750   0.00000   0.00000    1.50000   0.00000   0.00000
    5    1    0.12500   0.25000   0.00000    1.00000   0.50000   0.00000
    6    0    0.25000   0.00000   0.00000    2.00000   0.00000   0.00000
    7    1    0.31250   0.00000   0.00000    2.50000   0.00000   0.00000
    8    1    0.25000   0.25000   0.00000    2.00000   0.50000   0.00000
    9    0    0.37500   0.00000   0.00000    3.00000   0.00000   0.00000
   10    1    0.43750   0.00000   0.00000    3.50000   0.00000   0.00000
   11    1    0.37500   0.25000   0.00000    3.00000   0.50000   0.00000
   12    0    0.50000   0.00000   0.00000    4.00000   0.00000   0.00000
   13    1    0.56250   0.00000   0.00000    4.50000   0.00000   0.00000
   14    1    0.50000   0.25000   0.00000    4.00000   0.50000   0.00000
   15    0    0.62500   0.00000   0.00000    5.00000   0.00000   0.00000
   16    1    0.68750   0.00000   0.00000    5.50000   0.00000   0.00000
   17    1    0.62500   0.25000   0.00000    5.00000   0.50000   0.00000
   18    0    0.75000   0.00000   0.00000    6.00000   0.00000   0.00000
   19    1    0.81250   0.00000   0.00000    6.50000   0.00000   0.00000
   20    1    0.75000   0.25000   0.00000    6.00000   0.50000   0.00000
   21    0    0.87500   0.00000   0.00000    7.00000   0.00000   0.00000
   22    1    0.93750   0.00000   0.00000    7.50000   0.00000   0.00000
   23    1    0.87500   0.25000   0.00000    7.00000   0.50000   0.00000
   24    0    0.00000   0.50000   0.00000    0.00000   1.00000   0.00000
   25    1    0.06250   0.50000   0.00000    0.50000   1.00000   0.00000
   26    1    0.00000   0.75000   0.00000    0.00000   1.50000   0.00000
   27    0    0.12500   0.50000   0.00000    1.00000   1.00000   0.00000
   28    1    0.18750   0.50000   0.00000    1.50000   1.00000   0.00000
   29    1    0.12500   0.75000   0.00000    1.00000   1.50000   0.00000
   30    0    0.25000   0.50000   0.00000    2.00000   1.00000   0.00000
   31    1    0.31250   0.50000   0.00000    2.50000   1.00000   0.00000
   32    1    0.25000   0.75000   0.00000    2.00000   1.50000   0.00000
   33    0    0.37500   0.50000   0.00000    3.00000   1.00000   0.00000
   34    1    0.43750   0.50000   0.00000    3.50000   1.00000   0.00000
   35    1    0.37500   0.75000   0.00000    3.00000   1.50000   0.00000
   36    0    0.50000   0.50000   0.00000    4.00000   1.00000   0.00000
   37    1    0.56250   0.50000   0.00000    4.50000   1.00000   0.00000
   38    1    0.50000   0.75000   0.00000    4.00000   1.50000   0.00000
   39    0    0.62500   0.50000   0.00000    5.00000   1.00000   0.00000
   40    1    0.68750   0.50000   0.00000    5.50000   1.00000   0.00000
   41    1    0.62500   0.75000   0.00000    5.00000   1.50000   0.00000
   42    0    0.75000   0.50000   0.00000    6.00000   1.00000   0.00000
   43    1    0.81250   0.50000   0.00000    6.50000   1.00000   0.00000
   44    1    0.75000   0.75000   0.00000    6.00000   1.50000   0.00000
   45    0    0.87500   0.50000   0.00000    7.00000   1.00000   0.00000
   46    1    0.93750   0.50000   0.00000    7.50000   1.00000   0.00000
   47    1    0.87500   0.75000   0.00000    7.00000   1.50000   0.00000

########################################################################
####################### setting up phonon stuff ########################
########################################################################

*** spring constants ***
getting spring constants from file:
  'spring_constants.py'

*** spring constants ***
 (t1) (t2)  (id)       (K)   (r-min) (r-max)
   Cu   O   Cu_O      0.015   0.400   0.600
   O    O   O_O       0.002   0.600   0.800

*** supercell ***
supercell multiplicity: 3 3 3
number of supercell images: 27
number of atoms in supercell: 1296

*** bonds ***
printing the 1st 10 nearest-neighbor shell distances
 (shell)  (dist)
     0   0.000000
     1   0.500000
     2   0.707107
     3   1.000000
     4   1.118034
     5   1.414214
     6   1.500000
     7   1.581139
     8   1.802776
     9   2.000000

*** q-points ***
num_qpts_procs: 4
qpts_option: path
use_qpts_symmetry: False

generating q-points on path thru reciprocal space
num_qpts: 801

max number of q-points over all processes: 201
number of q-points on each process:
 (proc) (num)
   0    201
   1    200
   2    200
   3    200

printing the q-points
only printing the first 50 q-points
 (ind)  (wt)   ----------- (rlu) -----------   ----------- (cart) ----------
   0   0.001    0.00000   0.00000   0.00000     0.00000   0.00000   0.00000
   1   0.001    0.02500   0.00000   0.00000     0.01963   0.00000   0.00000
   2   0.001    0.05000   0.00000   0.00000     0.03927   0.00000   0.00000
   3   0.001    0.07500   0.00000   0.00000     0.05890   0.00000   0.00000
   4   0.001    0.10000   0.00000   0.00000     0.07854   0.00000   0.00000
   5   0.001    0.12500   0.00000   0.00000     0.09817   0.00000   0.00000
   6   0.001    0.15000   0.00000   0.00000     0.11781   0.00000   0.00000
   7   0.001    0.17500   0.00000   0.00000     0.13744   0.00000   0.00000
   8   0.001    0.20000   0.00000   0.00000     0.15708   0.00000   0.00000
   9   0.001    0.22500   0.00000   0.00000     0.17671   0.00000   0.00000
  10   0.001    0.25000   0.00000   0.00000     0.19635   0.00000   0.00000
  11   0.001    0.27500   0.00000   0.00000     0.21598   0.00000   0.00000
  12   0.001    0.30000   0.00000   0.00000     0.23562   0.00000   0.00000
  13   0.001    0.32500   0.00000   0.00000     0.25525   0.00000   0.00000
  14   0.001    0.35000   0.00000   0.00000     0.27489   0.00000   0.00000
  15   0.001    0.37500   0.00000   0.00000     0.29452   0.00000   0.00000
  16   0.001    0.40000   0.00000   0.00000     0.31416   0.00000   0.00000
  17   0.001    0.42500   0.00000   0.00000     0.33379   0.00000   0.00000
  18   0.001    0.45000   0.00000   0.00000     0.35343   0.00000   0.00000
  19   0.001    0.47500   0.00000   0.00000     0.37306   0.00000   0.00000
  20   0.001    0.50000   0.00000   0.00000     0.39270   0.00000   0.00000
  21   0.001   -0.47500   0.00000   0.00000    -0.37306   0.00000   0.00000
  22   0.001   -0.45000   0.00000   0.00000    -0.35343   0.00000   0.00000
  23   0.001   -0.42500   0.00000   0.00000    -0.33379   0.00000   0.00000
  24   0.001   -0.40000   0.00000   0.00000    -0.31416   0.00000   0.00000
  25   0.001   -0.37500   0.00000   0.00000    -0.29452   0.00000   0.00000
  26   0.001   -0.35000   0.00000   0.00000    -0.27489   0.00000   0.00000
  27   0.001   -0.32500   0.00000   0.00000    -0.25525   0.00000   0.00000
  28   0.001   -0.30000   0.00000   0.00000    -0.23562   0.00000   0.00000
  29   0.001   -0.27500   0.00000   0.00000    -0.21598   0.00000   0.00000
  30   0.001   -0.25000   0.00000   0.00000    -0.19635   0.00000   0.00000
  31   0.001   -0.22500   0.00000   0.00000    -0.17671   0.00000   0.00000
  32   0.001   -0.20000   0.00000   0.00000    -0.15708   0.00000   0.00000
  33   0.001   -0.17500   0.00000   0.00000    -0.13744   0.00000   0.00000
  34   0.001   -0.15000   0.00000   0.00000    -0.11781   0.00000   0.00000
  35   0.001   -0.12500   0.00000   0.00000    -0.09817   0.00000   0.00000
  36   0.001   -0.10000   0.00000   0.00000    -0.07854   0.00000   0.00000
  37   0.001   -0.07500   0.00000   0.00000    -0.05890   0.00000   0.00000
  38   0.001   -0.05000   0.00000   0.00000    -0.03927   0.00000   0.00000
  39   0.001   -0.02500   0.00000   0.00000    -0.01963   0.00000   0.00000
  40   0.001    0.00000   0.00000   0.00000     0.00000   0.00000   0.00000
  41   0.001    0.02500   0.00000   0.00000     0.01963   0.00000   0.00000
  42   0.001    0.05000   0.00000   0.00000     0.03927   0.00000   0.00000
  43   0.001    0.07500   0.00000   0.00000     0.05890   0.00000   0.00000
  44   0.001    0.10000   0.00000   0.00000     0.07854   0.00000   0.00000
  45   0.001    0.12500   0.00000   0.00000     0.09817   0.00000   0.00000
  46   0.001    0.15000   0.00000   0.00000     0.11781   0.00000   0.00000
  47   0.001    0.17500   0.00000   0.00000     0.13744   0.00000   0.00000
  48   0.001    0.20000   0.00000   0.00000     0.15708   0.00000   0.00000
  49   0.001    0.22500   0.00000   0.00000     0.17671   0.00000   0.00000

printing the miller indices
 (ind) ------------------- (rlu) -----------   ----------- (cart) ----------
   0            0.00000   1.00000   0.00000     0.00000   3.14159   0.00000
   1            0.00000   1.00000   0.00000     0.00000   3.14159   0.00000
   2            0.00000   1.00000   0.00000     0.00000   3.14159   0.00000
   3            0.00000   1.00000   0.00000     0.00000   3.14159   0.00000
   4            0.00000   1.00000   0.00000     0.00000   3.14159   0.00000
   5            0.00000   1.00000   0.00000     0.00000   3.14159   0.00000
   6            0.00000   1.00000   0.00000     0.00000   3.14159   0.00000
   7            0.00000   1.00000   0.00000     0.00000   3.14159   0.00000
   8            0.00000   1.00000   0.00000     0.00000   3.14159   0.00000
   9            0.00000   1.00000   0.00000     0.00000   3.14159   0.00000
  10            0.00000   1.00000   0.00000     0.00000   3.14159   0.00000
  11            0.00000   1.00000   0.00000     0.00000   3.14159   0.00000
  12            0.00000   1.00000   0.00000     0.00000   3.14159   0.00000
  13            0.00000   1.00000   0.00000     0.00000   3.14159   0.00000
  14            0.00000   1.00000   0.00000     0.00000   3.14159   0.00000
  15            0.00000   1.00000   0.00000     0.00000   3.14159   0.00000
  16            0.00000   1.00000   0.00000     0.00000   3.14159   0.00000
  17            0.00000   1.00000   0.00000     0.00000   3.14159   0.00000
  18            0.00000   1.00000   0.00000     0.00000   3.14159   0.00000
  19            0.00000   1.00000   0.00000     0.00000   3.14159   0.00000
  20            0.00000   1.00000   0.00000     0.00000   3.14159   0.00000
  21            1.00000   1.00000   0.00000     0.78540   3.14159   0.00000
  22            1.00000   1.00000   0.00000     0.78540   3.14159   0.00000
  23            1.00000   1.00000   0.00000     0.78540   3.14159   0.00000
  24            1.00000   1.00000   0.00000     0.78540   3.14159   0.00000
  25            1.00000   1.00000   0.00000     0.78540   3.14159   0.00000
  26            1.00000   1.00000   0.00000     0.78540   3.14159   0.00000
  27            1.00000   1.00000   0.00000     0.78540   3.14159   0.00000
  28            1.00000   1.00000   0.00000     0.78540   3.14159   0.00000
  29            1.00000   1.00000   0.00000     0.78540   3.14159   0.00000
  30            1.00000   1.00000   0.00000     0.78540   3.14159   0.00000
  31            1.00000   1.00000   0.00000     0.78540   3.14159   0.00000
  32            1.00000   1.00000   0.00000     0.78540   3.14159   0.00000
  33            1.00000   1.00000   0.00000     0.78540   3.14159   0.00000
  34            1.00000   1.00000   0.00000     0.78540   3.14159   0.00000
  35            1.00000   1.00000   0.00000     0.78540   3.14159   0.00000
  36            1.00000   1.00000   0.00000     0.78540   3.14159   0.00000
  37            1.00000   1.00000   0.00000     0.78540   3.14159   0.00000
  38            1.00000   1.00000   0.00000     0.78540   3.14159   0.00000
  39            1.00000   1.00000   0.00000     0.78540   3.14159   0.00000
  40            1.00000   1.00000   0.00000     0.78540   3.14159   0.00000
  41            1.00000   1.00000   0.00000     0.78540   3.14159   0.00000
  42            1.00000   1.00000   0.00000     0.78540   3.14159   0.00000
  43            1.00000   1.00000   0.00000     0.78540   3.14159   0.00000
  44            1.00000   1.00000   0.00000     0.78540   3.14159   0.00000
  45            1.00000   1.00000   0.00000     0.78540   3.14159   0.00000
  46            1.00000   1.00000   0.00000     0.78540   3.14159   0.00000
  47            1.00000   1.00000   0.00000     0.78540   3.14159   0.00000
  48            1.00000   1.00000   0.00000     0.78540   3.14159   0.00000
  49            1.00000   1.00000   0.00000     0.78540   3.14159   0.00000

*** WARNING ***
found more than one wavevector with coordinate:
   0.000  0.000  0.000
returning only the first index!

########################################################################
##################### running 'neutron_scattering' #####################
########################################################################

*** solving phonons ***
entering phonon calculation

*** dynamical matrix ***
there are 801 qpts to do
proc[0] will do 201 qpts
only printing for proc[0] ...
  now on qpt 0 out of 201
  now on qpt 100 out of 201
  now on qpt 200 out of 201

*** NOTE ***
pristine crystal energy enforced to be 0.0

*** neutron scattering ***
scattering lengths [fm]:
(type)     (coh)          (inc)
 Cu     7.728+0.000j   0.000+0.000j
 O      5.803+0.000j   0.000+0.000j
 O      5.803+0.000j   0.000+0.000j
 Cu     7.728+0.000j   0.000+0.000j
 O      5.803+0.000j   0.000+0.000j
 O      5.803+0.000j   0.000+0.000j
 Cu     7.728+0.000j   0.000+0.000j
 O      5.803+0.000j   0.000+0.000j
 O      5.803+0.000j   0.000+0.000j
 Cu     7.728+0.000j   0.000+0.000j
 O      5.803+0.000j   0.000+0.000j
 O      5.803+0.000j   0.000+0.000j
 Cu     7.728+0.000j   0.000+0.000j
 O      5.803+0.000j   0.000+0.000j
 O      5.803+0.000j   0.000+0.000j
 Cu     7.728+0.000j   0.000+0.000j
 O      5.803+0.000j   0.000+0.000j
 O      5.803+0.000j   0.000+0.000j
 Cu     7.728+0.000j   0.000+0.000j
 O      5.803+0.000j   0.000+0.000j
 O      5.803+0.000j   0.000+0.000j
 Cu     7.728+0.000j   0.000+0.000j
 O      5.803+0.000j   0.000+0.000j
 O      5.803+0.000j   0.000+0.000j
 Cu     7.728+0.000j   0.000+0.000j
 O      5.803+0.000j   0.000+0.000j
 O      5.803+0.000j   0.000+0.000j
 Cu     7.728+0.000j   0.000+0.000j
 O      5.803+0.000j   0.000+0.000j
 O      5.803+0.000j   0.000+0.000j
 Cu     7.728+0.000j   0.000+0.000j
 O      5.803+0.000j   0.000+0.000j
 O      5.803+0.000j   0.000+0.000j
 Cu     7.728+0.000j   0.000+0.000j
 O      5.803+0.000j   0.000+0.000j
 O      5.803+0.000j   0.000+0.000j
 Cu     7.728+0.000j   0.000+0.000j
 O      5.803+0.000j   0.000+0.000j
 O      5.803+0.000j   0.000+0.000j
 Cu     7.728+0.000j   0.000+0.000j
 O      5.803+0.000j   0.000+0.000j
 O      5.803+0.000j   0.000+0.000j
 Cu     7.728+0.000j   0.000+0.000j
 O      5.803+0.000j   0.000+0.000j
 O      5.803+0.000j   0.000+0.000j
 Cu     7.728+0.000j   0.000+0.000j
 O      5.803+0.000j   0.000+0.000j
 O      5.803+0.000j   0.000+0.000j 


########################################################################
########################## final timing info ###########################
########################################################################

*** timing *** 
  (label)                    (calls)     (lap)     (total) 
  ELPH                            1      0.078      0.078   m 
  setup_phonons                   1      0.064      0.064   s 
  force_constant_matrices         1      0.027      0.027   s 
  run_phonons                     1      4.636      4.636   s 
  solve_all_q_points              1      2.893      2.893   s 
  neutron_scattering              1      1.529      1.529   s 

########################################################################
the calculation finished willy-nilly
as always, check the results carefully
bye!
########################################################################

