 0.293 -0.450  0.000
 0.293 -0.400  0.000
 0.293 -0.350  0.000
 0.293 -0.300  0.000
 0.293 -0.250  0.000
 0.293 -0.200  0.000
 0.293 -0.150  0.000
 0.293 -0.100  0.000
 0.293 -0.050  0.000
 0.293  0.000  0.000
 0.293  0.050  0.000
 0.293  0.100  0.000
 0.293  0.150  0.000
 0.293  0.200  0.000
 0.293  0.250  0.000
 0.293  0.300  0.000
 0.293  0.350  0.000
 0.293  0.400  0.000
 0.293  0.450  0.000
 0.293  0.500  0.000
 0.343 -0.450  0.000
 0.343 -0.400  0.000
 0.343 -0.350  0.000
 0.343 -0.300  0.000
 0.343 -0.250  0.000
 0.343 -0.200  0.000
 0.343 -0.150  0.000
 0.343 -0.100  0.000
 0.343 -0.050  0.000
 0.343  0.000  0.000
 0.343  0.050  0.000
 0.343  0.100  0.000
 0.343  0.150  0.000
 0.343  0.200  0.000
 0.343  0.250  0.000
 0.343  0.300  0.000
 0.343  0.350  0.000
 0.343  0.400  0.000
 0.343  0.450  0.000
 0.343  0.500  0.000
 0.393 -0.450  0.000
 0.393 -0.400  0.000
 0.393 -0.350  0.000
 0.393 -0.300  0.000
 0.393 -0.250  0.000
 0.393 -0.200  0.000
 0.393 -0.150  0.000
 0.393 -0.100  0.000
 0.393 -0.050  0.000
 0.393  0.000  0.000
 0.393  0.050  0.000
 0.393  0.100  0.000
 0.393  0.150  0.000
 0.393  0.200  0.000
 0.393  0.250  0.000
 0.393  0.300  0.000
 0.393  0.350  0.000
 0.393  0.400  0.000
 0.393  0.450  0.000
 0.393  0.500  0.000
 0.443 -0.450  0.000
 0.443 -0.400  0.000
 0.443 -0.350  0.000
 0.443 -0.300  0.000
 0.443 -0.250  0.000
 0.443 -0.200  0.000
 0.443 -0.150  0.000
 0.443 -0.100  0.000
 0.443 -0.050  0.000
 0.443  0.000  0.000
 0.443  0.050  0.000
 0.443  0.100  0.000
 0.443  0.150  0.000
 0.443  0.200  0.000
 0.443  0.250  0.000
 0.443  0.300  0.000
 0.443  0.350  0.000
 0.443  0.400  0.000
 0.443  0.450  0.000
 0.443  0.500  0.000
 0.493 -0.450  0.000
 0.493 -0.400  0.000
 0.493 -0.350  0.000
 0.493 -0.300  0.000
 0.493 -0.250  0.000
 0.493 -0.200  0.000
 0.493 -0.150  0.000
 0.493 -0.100  0.000
 0.493 -0.050  0.000
 0.493  0.000  0.000
 0.493  0.050  0.000
 0.493  0.100  0.000
 0.493  0.150  0.000
 0.493  0.200  0.000
 0.493  0.250  0.000
 0.493  0.300  0.000
 0.493  0.350  0.000
 0.493  0.400  0.000
 0.493  0.450  0.000
 0.493  0.500  0.000
-0.457 -0.450  0.000
-0.457 -0.400  0.000
-0.457 -0.350  0.000
-0.457 -0.300  0.000
-0.457 -0.250  0.000
-0.457 -0.200  0.000
-0.457 -0.150  0.000
-0.457 -0.100  0.000
-0.457 -0.050  0.000
-0.457  0.000  0.000
-0.457  0.050  0.000
-0.457  0.100  0.000
-0.457  0.150  0.000
-0.457  0.200  0.000
-0.457  0.250  0.000
-0.457  0.300  0.000
-0.457  0.350  0.000
-0.457  0.400  0.000
-0.457  0.450  0.000
-0.457  0.500  0.000
-0.407 -0.450  0.000
-0.407 -0.400  0.000
-0.407 -0.350  0.000
-0.407 -0.300  0.000
-0.407 -0.250  0.000
-0.407 -0.200  0.000
-0.407 -0.150  0.000
-0.407 -0.100  0.000
-0.407 -0.050  0.000
-0.407  0.000  0.000
-0.407  0.050  0.000
-0.407  0.100  0.000
-0.407  0.150  0.000
-0.407  0.200  0.000
-0.407  0.250  0.000
-0.407  0.300  0.000
-0.407  0.350  0.000
-0.407  0.400  0.000
-0.407  0.450  0.000
-0.407  0.500  0.000
-0.357 -0.450  0.000
-0.357 -0.400  0.000
-0.357 -0.350  0.000
-0.357 -0.300  0.000
-0.357 -0.250  0.000
-0.357 -0.200  0.000
-0.357 -0.150  0.000
-0.357 -0.100  0.000
-0.357 -0.050  0.000
-0.357  0.000  0.000
-0.357  0.050  0.000
-0.357  0.100  0.000
-0.357  0.150  0.000
-0.357  0.200  0.000
-0.357  0.250  0.000
-0.357  0.300  0.000
-0.357  0.350  0.000
-0.357  0.400  0.000
-0.357  0.450  0.000
-0.357  0.500  0.000
-0.307 -0.450  0.000
-0.307 -0.400  0.000
-0.307 -0.350  0.000
-0.307 -0.300  0.000
-0.307 -0.250  0.000
-0.307 -0.200  0.000
-0.307 -0.150  0.000
-0.307 -0.100  0.000
-0.307 -0.050  0.000
-0.307  0.000  0.000
-0.307  0.050  0.000
-0.307  0.100  0.000
-0.307  0.150  0.000
-0.307  0.200  0.000
-0.307  0.250  0.000
-0.307  0.300  0.000
-0.307  0.350  0.000
-0.307  0.400  0.000
-0.307  0.450  0.000
-0.307  0.500  0.000
-0.257 -0.450  0.000
-0.257 -0.400  0.000
-0.257 -0.350  0.000
-0.257 -0.300  0.000
-0.257 -0.250  0.000
-0.257 -0.200  0.000
-0.257 -0.150  0.000
-0.257 -0.100  0.000
-0.257 -0.050  0.000
-0.257  0.000  0.000
-0.257  0.050  0.000
-0.257  0.100  0.000
-0.257  0.150  0.000
-0.257  0.200  0.000
-0.257  0.250  0.000
-0.257  0.300  0.000
-0.257  0.350  0.000
-0.257  0.400  0.000
-0.257  0.450  0.000
-0.257  0.500  0.000
-0.207 -0.450  0.000
-0.207 -0.400  0.000
-0.207 -0.350  0.000
-0.207 -0.300  0.000
-0.207 -0.250  0.000
-0.207 -0.200  0.000
-0.207 -0.150  0.000
-0.207 -0.100  0.000
-0.207 -0.050  0.000
-0.207  0.000  0.000
-0.207  0.050  0.000
-0.207  0.100  0.000
-0.207  0.150  0.000
-0.207  0.200  0.000
-0.207  0.250  0.000
-0.207  0.300  0.000
-0.207  0.350  0.000
-0.207  0.400  0.000
-0.207  0.450  0.000
-0.207  0.500  0.000
-0.157 -0.450  0.000
-0.157 -0.400  0.000
-0.157 -0.350  0.000
-0.157 -0.300  0.000
-0.157 -0.250  0.000
-0.157 -0.200  0.000
-0.157 -0.150  0.000
-0.157 -0.100  0.000
-0.157 -0.050  0.000
-0.157  0.000  0.000
-0.157  0.050  0.000
-0.157  0.100  0.000
-0.157  0.150  0.000
-0.157  0.200  0.000
-0.157  0.250  0.000
-0.157  0.300  0.000
-0.157  0.350  0.000
-0.157  0.400  0.000
-0.157  0.450  0.000
-0.157  0.500  0.000
-0.107 -0.450  0.000
-0.107 -0.400  0.000
-0.107 -0.350  0.000
-0.107 -0.300  0.000
-0.107 -0.250  0.000
-0.107 -0.200  0.000
-0.107 -0.150  0.000
-0.107 -0.100  0.000
-0.107 -0.050  0.000
-0.107  0.000  0.000
-0.107  0.050  0.000
-0.107  0.100  0.000
-0.107  0.150  0.000
-0.107  0.200  0.000
-0.107  0.250  0.000
-0.107  0.300  0.000
-0.107  0.350  0.000
-0.107  0.400  0.000
-0.107  0.450  0.000
-0.107  0.500  0.000
-0.057 -0.450  0.000
-0.057 -0.400  0.000
-0.057 -0.350  0.000
-0.057 -0.300  0.000
-0.057 -0.250  0.000
-0.057 -0.200  0.000
-0.057 -0.150  0.000
-0.057 -0.100  0.000
-0.057 -0.050  0.000
-0.057  0.000  0.000
-0.057  0.050  0.000
-0.057  0.100  0.000
-0.057  0.150  0.000
-0.057  0.200  0.000
-0.057  0.250  0.000
-0.057  0.300  0.000
-0.057  0.350  0.000
-0.057  0.400  0.000
-0.057  0.450  0.000
-0.057  0.500  0.000
-0.007 -0.450  0.000
-0.007 -0.400  0.000
-0.007 -0.350  0.000
-0.007 -0.300  0.000
-0.007 -0.250  0.000
-0.007 -0.200  0.000
-0.007 -0.150  0.000
-0.007 -0.100  0.000
-0.007 -0.050  0.000
-0.007  0.000  0.000
-0.007  0.050  0.000
-0.007  0.100  0.000
-0.007  0.150  0.000
-0.007  0.200  0.000
-0.007  0.250  0.000
-0.007  0.300  0.000
-0.007  0.350  0.000
-0.007  0.400  0.000
-0.007  0.450  0.000
-0.007  0.500  0.000
 0.043 -0.450  0.000
 0.043 -0.400  0.000
 0.043 -0.350  0.000
 0.043 -0.300  0.000
 0.043 -0.250  0.000
 0.043 -0.200  0.000
 0.043 -0.150  0.000
 0.043 -0.100  0.000
 0.043 -0.050  0.000
 0.043  0.000  0.000
 0.043  0.050  0.000
 0.043  0.100  0.000
 0.043  0.150  0.000
 0.043  0.200  0.000
 0.043  0.250  0.000
 0.043  0.300  0.000
 0.043  0.350  0.000
 0.043  0.400  0.000
 0.043  0.450  0.000
 0.043  0.500  0.000
 0.093 -0.450  0.000
 0.093 -0.400  0.000
 0.093 -0.350  0.000
 0.093 -0.300  0.000
 0.093 -0.250  0.000
 0.093 -0.200  0.000
 0.093 -0.150  0.000
 0.093 -0.100  0.000
 0.093 -0.050  0.000
 0.093  0.000  0.000
 0.093  0.050  0.000
 0.093  0.100  0.000
 0.093  0.150  0.000
 0.093  0.200  0.000
 0.093  0.250  0.000
 0.093  0.300  0.000
 0.093  0.350  0.000
 0.093  0.400  0.000
 0.093  0.450  0.000
 0.093  0.500  0.000
 0.143 -0.450  0.000
 0.143 -0.400  0.000
 0.143 -0.350  0.000
 0.143 -0.300  0.000
 0.143 -0.250  0.000
 0.143 -0.200  0.000
 0.143 -0.150  0.000
 0.143 -0.100  0.000
 0.143 -0.050  0.000
 0.143  0.000  0.000
 0.143  0.050  0.000
 0.143  0.100  0.000
 0.143  0.150  0.000
 0.143  0.200  0.000
 0.143  0.250  0.000
 0.143  0.300  0.000
 0.143  0.350  0.000
 0.143  0.400  0.000
 0.143  0.450  0.000
 0.143  0.500  0.000
 0.193 -0.450  0.000
 0.193 -0.400  0.000
 0.193 -0.350  0.000
 0.193 -0.300  0.000
 0.193 -0.250  0.000
 0.193 -0.200  0.000
 0.193 -0.150  0.000
 0.193 -0.100  0.000
 0.193 -0.050  0.000
 0.193  0.000  0.000
 0.193  0.050  0.000
 0.193  0.100  0.000
 0.193  0.150  0.000
 0.193  0.200  0.000
 0.193  0.250  0.000
 0.193  0.300  0.000
 0.193  0.350  0.000
 0.193  0.400  0.000
 0.193  0.450  0.000
 0.193  0.500  0.000
 0.243 -0.450  0.000
 0.243 -0.400  0.000
 0.243 -0.350  0.000
 0.243 -0.300  0.000
 0.243 -0.250  0.000
 0.243 -0.200  0.000
 0.243 -0.150  0.000
 0.243 -0.100  0.000
 0.243 -0.050  0.000
 0.243  0.000  0.000
 0.243  0.050  0.000
 0.243  0.100  0.000
 0.243  0.150  0.000
 0.243  0.200  0.000
 0.243  0.250  0.000
 0.243  0.300  0.000
 0.243  0.350  0.000
 0.243  0.400  0.000
 0.243  0.450  0.000
 0.243  0.500  0.000
