-0.340 -0.340  0.000
-0.340 -0.290  0.000
-0.340 -0.240  0.000
-0.340 -0.190  0.000
-0.340 -0.140  0.000
-0.340 -0.090  0.000
-0.340 -0.040  0.000
-0.340  0.010  0.000
-0.340  0.060  0.000
-0.340  0.110  0.000
-0.340  0.160  0.000
-0.340  0.210  0.000
-0.340  0.260  0.000
-0.340  0.310  0.000
-0.340  0.360  0.000
-0.340  0.410  0.000
-0.340  0.460  0.000
-0.340 -0.490  0.000
-0.340 -0.440  0.000
-0.340 -0.390  0.000
-0.290 -0.340  0.000
-0.290 -0.290  0.000
-0.290 -0.240  0.000
-0.290 -0.190  0.000
-0.290 -0.140  0.000
-0.290 -0.090  0.000
-0.290 -0.040  0.000
-0.290  0.010  0.000
-0.290  0.060  0.000
-0.290  0.110  0.000
-0.290  0.160  0.000
-0.290  0.210  0.000
-0.290  0.260  0.000
-0.290  0.310  0.000
-0.290  0.360  0.000
-0.290  0.410  0.000
-0.290  0.460  0.000
-0.290 -0.490  0.000
-0.290 -0.440  0.000
-0.290 -0.390  0.000
-0.240 -0.340  0.000
-0.240 -0.290  0.000
-0.240 -0.240  0.000
-0.240 -0.190  0.000
-0.240 -0.140  0.000
-0.240 -0.090  0.000
-0.240 -0.040  0.000
-0.240  0.010  0.000
-0.240  0.060  0.000
-0.240  0.110  0.000
-0.240  0.160  0.000
-0.240  0.210  0.000
-0.240  0.260  0.000
-0.240  0.310  0.000
-0.240  0.360  0.000
-0.240  0.410  0.000
-0.240  0.460  0.000
-0.240 -0.490  0.000
-0.240 -0.440  0.000
-0.240 -0.390  0.000
-0.190 -0.340  0.000
-0.190 -0.290  0.000
-0.190 -0.240  0.000
-0.190 -0.190  0.000
-0.190 -0.140  0.000
-0.190 -0.090  0.000
-0.190 -0.040  0.000
-0.190  0.010  0.000
-0.190  0.060  0.000
-0.190  0.110  0.000
-0.190  0.160  0.000
-0.190  0.210  0.000
-0.190  0.260  0.000
-0.190  0.310  0.000
-0.190  0.360  0.000
-0.190  0.410  0.000
-0.190  0.460  0.000
-0.190 -0.490  0.000
-0.190 -0.440  0.000
-0.190 -0.390  0.000
-0.140 -0.340  0.000
-0.140 -0.290  0.000
-0.140 -0.240  0.000
-0.140 -0.190  0.000
-0.140 -0.140  0.000
-0.140 -0.090  0.000
-0.140 -0.040  0.000
-0.140  0.010  0.000
-0.140  0.060  0.000
-0.140  0.110  0.000
-0.140  0.160  0.000
-0.140  0.210  0.000
-0.140  0.260  0.000
-0.140  0.310  0.000
-0.140  0.360  0.000
-0.140  0.410  0.000
-0.140  0.460  0.000
-0.140 -0.490  0.000
-0.140 -0.440  0.000
-0.140 -0.390  0.000
-0.090 -0.340  0.000
-0.090 -0.290  0.000
-0.090 -0.240  0.000
-0.090 -0.190  0.000
-0.090 -0.140  0.000
-0.090 -0.090  0.000
-0.090 -0.040  0.000
-0.090  0.010  0.000
-0.090  0.060  0.000
-0.090  0.110  0.000
-0.090  0.160  0.000
-0.090  0.210  0.000
-0.090  0.260  0.000
-0.090  0.310  0.000
-0.090  0.360  0.000
-0.090  0.410  0.000
-0.090  0.460  0.000
-0.090 -0.490  0.000
-0.090 -0.440  0.000
-0.090 -0.390  0.000
-0.040 -0.340  0.000
-0.040 -0.290  0.000
-0.040 -0.240  0.000
-0.040 -0.190  0.000
-0.040 -0.140  0.000
-0.040 -0.090  0.000
-0.040 -0.040  0.000
-0.040  0.010  0.000
-0.040  0.060  0.000
-0.040  0.110  0.000
-0.040  0.160  0.000
-0.040  0.210  0.000
-0.040  0.260  0.000
-0.040  0.310  0.000
-0.040  0.360  0.000
-0.040  0.410  0.000
-0.040  0.460  0.000
-0.040 -0.490  0.000
-0.040 -0.440  0.000
-0.040 -0.390  0.000
 0.010 -0.340  0.000
 0.010 -0.290  0.000
 0.010 -0.240  0.000
 0.010 -0.190  0.000
 0.010 -0.140  0.000
 0.010 -0.090  0.000
 0.010 -0.040  0.000
 0.010  0.010  0.000
 0.010  0.060  0.000
 0.010  0.110  0.000
 0.010  0.160  0.000
 0.010  0.210  0.000
 0.010  0.260  0.000
 0.010  0.310  0.000
 0.010  0.360  0.000
 0.010  0.410  0.000
 0.010  0.460  0.000
 0.010 -0.490  0.000
 0.010 -0.440  0.000
 0.010 -0.390  0.000
 0.060 -0.340  0.000
 0.060 -0.290  0.000
 0.060 -0.240  0.000
 0.060 -0.190  0.000
 0.060 -0.140  0.000
 0.060 -0.090  0.000
 0.060 -0.040  0.000
 0.060  0.010  0.000
 0.060  0.060  0.000
 0.060  0.110  0.000
 0.060  0.160  0.000
 0.060  0.210  0.000
 0.060  0.260  0.000
 0.060  0.310  0.000
 0.060  0.360  0.000
 0.060  0.410  0.000
 0.060  0.460  0.000
 0.060 -0.490  0.000
 0.060 -0.440  0.000
 0.060 -0.390  0.000
 0.110 -0.340  0.000
 0.110 -0.290  0.000
 0.110 -0.240  0.000
 0.110 -0.190  0.000
 0.110 -0.140  0.000
 0.110 -0.090  0.000
 0.110 -0.040  0.000
 0.110  0.010  0.000
 0.110  0.060  0.000
 0.110  0.110  0.000
 0.110  0.160  0.000
 0.110  0.210  0.000
 0.110  0.260  0.000
 0.110  0.310  0.000
 0.110  0.360  0.000
 0.110  0.410  0.000
 0.110  0.460  0.000
 0.110 -0.490  0.000
 0.110 -0.440  0.000
 0.110 -0.390  0.000
 0.160 -0.340  0.000
 0.160 -0.290  0.000
 0.160 -0.240  0.000
 0.160 -0.190  0.000
 0.160 -0.140  0.000
 0.160 -0.090  0.000
 0.160 -0.040  0.000
 0.160  0.010  0.000
 0.160  0.060  0.000
 0.160  0.110  0.000
 0.160  0.160  0.000
 0.160  0.210  0.000
 0.160  0.260  0.000
 0.160  0.310  0.000
 0.160  0.360  0.000
 0.160  0.410  0.000
 0.160  0.460  0.000
 0.160 -0.490  0.000
 0.160 -0.440  0.000
 0.160 -0.390  0.000
 0.210 -0.340  0.000
 0.210 -0.290  0.000
 0.210 -0.240  0.000
 0.210 -0.190  0.000
 0.210 -0.140  0.000
 0.210 -0.090  0.000
 0.210 -0.040  0.000
 0.210  0.010  0.000
 0.210  0.060  0.000
 0.210  0.110  0.000
 0.210  0.160  0.000
 0.210  0.210  0.000
 0.210  0.260  0.000
 0.210  0.310  0.000
 0.210  0.360  0.000
 0.210  0.410  0.000
 0.210  0.460  0.000
 0.210 -0.490  0.000
 0.210 -0.440  0.000
 0.210 -0.390  0.000
 0.260 -0.340  0.000
 0.260 -0.290  0.000
 0.260 -0.240  0.000
 0.260 -0.190  0.000
 0.260 -0.140  0.000
 0.260 -0.090  0.000
 0.260 -0.040  0.000
 0.260  0.010  0.000
 0.260  0.060  0.000
 0.260  0.110  0.000
 0.260  0.160  0.000
 0.260  0.210  0.000
 0.260  0.260  0.000
 0.260  0.310  0.000
 0.260  0.360  0.000
 0.260  0.410  0.000
 0.260  0.460  0.000
 0.260 -0.490  0.000
 0.260 -0.440  0.000
 0.260 -0.390  0.000
 0.310 -0.340  0.000
 0.310 -0.290  0.000
 0.310 -0.240  0.000
 0.310 -0.190  0.000
 0.310 -0.140  0.000
 0.310 -0.090  0.000
 0.310 -0.040  0.000
 0.310  0.010  0.000
 0.310  0.060  0.000
 0.310  0.110  0.000
 0.310  0.160  0.000
 0.310  0.210  0.000
 0.310  0.260  0.000
 0.310  0.310  0.000
 0.310  0.360  0.000
 0.310  0.410  0.000
 0.310  0.460  0.000
 0.310 -0.490  0.000
 0.310 -0.440  0.000
 0.310 -0.390  0.000
 0.360 -0.340  0.000
 0.360 -0.290  0.000
 0.360 -0.240  0.000
 0.360 -0.190  0.000
 0.360 -0.140  0.000
 0.360 -0.090  0.000
 0.360 -0.040  0.000
 0.360  0.010  0.000
 0.360  0.060  0.000
 0.360  0.110  0.000
 0.360  0.160  0.000
 0.360  0.210  0.000
 0.360  0.260  0.000
 0.360  0.310  0.000
 0.360  0.360  0.000
 0.360  0.410  0.000
 0.360  0.460  0.000
 0.360 -0.490  0.000
 0.360 -0.440  0.000
 0.360 -0.390  0.000
 0.410 -0.340  0.000
 0.410 -0.290  0.000
 0.410 -0.240  0.000
 0.410 -0.190  0.000
 0.410 -0.140  0.000
 0.410 -0.090  0.000
 0.410 -0.040  0.000
 0.410  0.010  0.000
 0.410  0.060  0.000
 0.410  0.110  0.000
 0.410  0.160  0.000
 0.410  0.210  0.000
 0.410  0.260  0.000
 0.410  0.310  0.000
 0.410  0.360  0.000
 0.410  0.410  0.000
 0.410  0.460  0.000
 0.410 -0.490  0.000
 0.410 -0.440  0.000
 0.410 -0.390  0.000
 0.460 -0.340  0.000
 0.460 -0.290  0.000
 0.460 -0.240  0.000
 0.460 -0.190  0.000
 0.460 -0.140  0.000
 0.460 -0.090  0.000
 0.460 -0.040  0.000
 0.460  0.010  0.000
 0.460  0.060  0.000
 0.460  0.110  0.000
 0.460  0.160  0.000
 0.460  0.210  0.000
 0.460  0.260  0.000
 0.460  0.310  0.000
 0.460  0.360  0.000
 0.460  0.410  0.000
 0.460  0.460  0.000
 0.460 -0.490  0.000
 0.460 -0.440  0.000
 0.460 -0.390  0.000
-0.490 -0.340  0.000
-0.490 -0.290  0.000
-0.490 -0.240  0.000
-0.490 -0.190  0.000
-0.490 -0.140  0.000
-0.490 -0.090  0.000
-0.490 -0.040  0.000
-0.490  0.010  0.000
-0.490  0.060  0.000
-0.490  0.110  0.000
-0.490  0.160  0.000
-0.490  0.210  0.000
-0.490  0.260  0.000
-0.490  0.310  0.000
-0.490  0.360  0.000
-0.490  0.410  0.000
-0.490  0.460  0.000
-0.490 -0.490  0.000
-0.490 -0.440  0.000
-0.490 -0.390  0.000
-0.440 -0.340  0.000
-0.440 -0.290  0.000
-0.440 -0.240  0.000
-0.440 -0.190  0.000
-0.440 -0.140  0.000
-0.440 -0.090  0.000
-0.440 -0.040  0.000
-0.440  0.010  0.000
-0.440  0.060  0.000
-0.440  0.110  0.000
-0.440  0.160  0.000
-0.440  0.210  0.000
-0.440  0.260  0.000
-0.440  0.310  0.000
-0.440  0.360  0.000
-0.440  0.410  0.000
-0.440  0.460  0.000
-0.440 -0.490  0.000
-0.440 -0.440  0.000
-0.440 -0.390  0.000
-0.390 -0.340  0.000
-0.390 -0.290  0.000
-0.390 -0.240  0.000
-0.390 -0.190  0.000
-0.390 -0.140  0.000
-0.390 -0.090  0.000
-0.390 -0.040  0.000
-0.390  0.010  0.000
-0.390  0.060  0.000
-0.390  0.110  0.000
-0.390  0.160  0.000
-0.390  0.210  0.000
-0.390  0.260  0.000
-0.390  0.310  0.000
-0.390  0.360  0.000
-0.390  0.410  0.000
-0.390  0.460  0.000
-0.390 -0.490  0.000
-0.390 -0.440  0.000
-0.390 -0.390  0.000
