 0.164 -0.450  0.000
 0.164 -0.400  0.000
 0.164 -0.350  0.000
 0.164 -0.300  0.000
 0.164 -0.250  0.000
 0.164 -0.200  0.000
 0.164 -0.150  0.000
 0.164 -0.100  0.000
 0.164 -0.050  0.000
 0.164  0.000  0.000
 0.164  0.050  0.000
 0.164  0.100  0.000
 0.164  0.150  0.000
 0.164  0.200  0.000
 0.164  0.250  0.000
 0.164  0.300  0.000
 0.164  0.350  0.000
 0.164  0.400  0.000
 0.164  0.450  0.000
 0.164  0.500  0.000
 0.214 -0.450  0.000
 0.214 -0.400  0.000
 0.214 -0.350  0.000
 0.214 -0.300  0.000
 0.214 -0.250  0.000
 0.214 -0.200  0.000
 0.214 -0.150  0.000
 0.214 -0.100  0.000
 0.214 -0.050  0.000
 0.214  0.000  0.000
 0.214  0.050  0.000
 0.214  0.100  0.000
 0.214  0.150  0.000
 0.214  0.200  0.000
 0.214  0.250  0.000
 0.214  0.300  0.000
 0.214  0.350  0.000
 0.214  0.400  0.000
 0.214  0.450  0.000
 0.214  0.500  0.000
 0.264 -0.450  0.000
 0.264 -0.400  0.000
 0.264 -0.350  0.000
 0.264 -0.300  0.000
 0.264 -0.250  0.000
 0.264 -0.200  0.000
 0.264 -0.150  0.000
 0.264 -0.100  0.000
 0.264 -0.050  0.000
 0.264  0.000  0.000
 0.264  0.050  0.000
 0.264  0.100  0.000
 0.264  0.150  0.000
 0.264  0.200  0.000
 0.264  0.250  0.000
 0.264  0.300  0.000
 0.264  0.350  0.000
 0.264  0.400  0.000
 0.264  0.450  0.000
 0.264  0.500  0.000
 0.314 -0.450  0.000
 0.314 -0.400  0.000
 0.314 -0.350  0.000
 0.314 -0.300  0.000
 0.314 -0.250  0.000
 0.314 -0.200  0.000
 0.314 -0.150  0.000
 0.314 -0.100  0.000
 0.314 -0.050  0.000
 0.314  0.000  0.000
 0.314  0.050  0.000
 0.314  0.100  0.000
 0.314  0.150  0.000
 0.314  0.200  0.000
 0.314  0.250  0.000
 0.314  0.300  0.000
 0.314  0.350  0.000
 0.314  0.400  0.000
 0.314  0.450  0.000
 0.314  0.500  0.000
 0.364 -0.450  0.000
 0.364 -0.400  0.000
 0.364 -0.350  0.000
 0.364 -0.300  0.000
 0.364 -0.250  0.000
 0.364 -0.200  0.000
 0.364 -0.150  0.000
 0.364 -0.100  0.000
 0.364 -0.050  0.000
 0.364  0.000  0.000
 0.364  0.050  0.000
 0.364  0.100  0.000
 0.364  0.150  0.000
 0.364  0.200  0.000
 0.364  0.250  0.000
 0.364  0.300  0.000
 0.364  0.350  0.000
 0.364  0.400  0.000
 0.364  0.450  0.000
 0.364  0.500  0.000
 0.414 -0.450  0.000
 0.414 -0.400  0.000
 0.414 -0.350  0.000
 0.414 -0.300  0.000
 0.414 -0.250  0.000
 0.414 -0.200  0.000
 0.414 -0.150  0.000
 0.414 -0.100  0.000
 0.414 -0.050  0.000
 0.414  0.000  0.000
 0.414  0.050  0.000
 0.414  0.100  0.000
 0.414  0.150  0.000
 0.414  0.200  0.000
 0.414  0.250  0.000
 0.414  0.300  0.000
 0.414  0.350  0.000
 0.414  0.400  0.000
 0.414  0.450  0.000
 0.414  0.500  0.000
 0.464 -0.450  0.000
 0.464 -0.400  0.000
 0.464 -0.350  0.000
 0.464 -0.300  0.000
 0.464 -0.250  0.000
 0.464 -0.200  0.000
 0.464 -0.150  0.000
 0.464 -0.100  0.000
 0.464 -0.050  0.000
 0.464  0.000  0.000
 0.464  0.050  0.000
 0.464  0.100  0.000
 0.464  0.150  0.000
 0.464  0.200  0.000
 0.464  0.250  0.000
 0.464  0.300  0.000
 0.464  0.350  0.000
 0.464  0.400  0.000
 0.464  0.450  0.000
 0.464  0.500  0.000
-0.486 -0.450  0.000
-0.486 -0.400  0.000
-0.486 -0.350  0.000
-0.486 -0.300  0.000
-0.486 -0.250  0.000
-0.486 -0.200  0.000
-0.486 -0.150  0.000
-0.486 -0.100  0.000
-0.486 -0.050  0.000
-0.486  0.000  0.000
-0.486  0.050  0.000
-0.486  0.100  0.000
-0.486  0.150  0.000
-0.486  0.200  0.000
-0.486  0.250  0.000
-0.486  0.300  0.000
-0.486  0.350  0.000
-0.486  0.400  0.000
-0.486  0.450  0.000
-0.486  0.500  0.000
-0.436 -0.450  0.000
-0.436 -0.400  0.000
-0.436 -0.350  0.000
-0.436 -0.300  0.000
-0.436 -0.250  0.000
-0.436 -0.200  0.000
-0.436 -0.150  0.000
-0.436 -0.100  0.000
-0.436 -0.050  0.000
-0.436  0.000  0.000
-0.436  0.050  0.000
-0.436  0.100  0.000
-0.436  0.150  0.000
-0.436  0.200  0.000
-0.436  0.250  0.000
-0.436  0.300  0.000
-0.436  0.350  0.000
-0.436  0.400  0.000
-0.436  0.450  0.000
-0.436  0.500  0.000
-0.386 -0.450  0.000
-0.386 -0.400  0.000
-0.386 -0.350  0.000
-0.386 -0.300  0.000
-0.386 -0.250  0.000
-0.386 -0.200  0.000
-0.386 -0.150  0.000
-0.386 -0.100  0.000
-0.386 -0.050  0.000
-0.386  0.000  0.000
-0.386  0.050  0.000
-0.386  0.100  0.000
-0.386  0.150  0.000
-0.386  0.200  0.000
-0.386  0.250  0.000
-0.386  0.300  0.000
-0.386  0.350  0.000
-0.386  0.400  0.000
-0.386  0.450  0.000
-0.386  0.500  0.000
-0.336 -0.450  0.000
-0.336 -0.400  0.000
-0.336 -0.350  0.000
-0.336 -0.300  0.000
-0.336 -0.250  0.000
-0.336 -0.200  0.000
-0.336 -0.150  0.000
-0.336 -0.100  0.000
-0.336 -0.050  0.000
-0.336  0.000  0.000
-0.336  0.050  0.000
-0.336  0.100  0.000
-0.336  0.150  0.000
-0.336  0.200  0.000
-0.336  0.250  0.000
-0.336  0.300  0.000
-0.336  0.350  0.000
-0.336  0.400  0.000
-0.336  0.450  0.000
-0.336  0.500  0.000
-0.286 -0.450  0.000
-0.286 -0.400  0.000
-0.286 -0.350  0.000
-0.286 -0.300  0.000
-0.286 -0.250  0.000
-0.286 -0.200  0.000
-0.286 -0.150  0.000
-0.286 -0.100  0.000
-0.286 -0.050  0.000
-0.286  0.000  0.000
-0.286  0.050  0.000
-0.286  0.100  0.000
-0.286  0.150  0.000
-0.286  0.200  0.000
-0.286  0.250  0.000
-0.286  0.300  0.000
-0.286  0.350  0.000
-0.286  0.400  0.000
-0.286  0.450  0.000
-0.286  0.500  0.000
-0.236 -0.450  0.000
-0.236 -0.400  0.000
-0.236 -0.350  0.000
-0.236 -0.300  0.000
-0.236 -0.250  0.000
-0.236 -0.200  0.000
-0.236 -0.150  0.000
-0.236 -0.100  0.000
-0.236 -0.050  0.000
-0.236  0.000  0.000
-0.236  0.050  0.000
-0.236  0.100  0.000
-0.236  0.150  0.000
-0.236  0.200  0.000
-0.236  0.250  0.000
-0.236  0.300  0.000
-0.236  0.350  0.000
-0.236  0.400  0.000
-0.236  0.450  0.000
-0.236  0.500  0.000
-0.186 -0.450  0.000
-0.186 -0.400  0.000
-0.186 -0.350  0.000
-0.186 -0.300  0.000
-0.186 -0.250  0.000
-0.186 -0.200  0.000
-0.186 -0.150  0.000
-0.186 -0.100  0.000
-0.186 -0.050  0.000
-0.186  0.000  0.000
-0.186  0.050  0.000
-0.186  0.100  0.000
-0.186  0.150  0.000
-0.186  0.200  0.000
-0.186  0.250  0.000
-0.186  0.300  0.000
-0.186  0.350  0.000
-0.186  0.400  0.000
-0.186  0.450  0.000
-0.186  0.500  0.000
-0.136 -0.450  0.000
-0.136 -0.400  0.000
-0.136 -0.350  0.000
-0.136 -0.300  0.000
-0.136 -0.250  0.000
-0.136 -0.200  0.000
-0.136 -0.150  0.000
-0.136 -0.100  0.000
-0.136 -0.050  0.000
-0.136  0.000  0.000
-0.136  0.050  0.000
-0.136  0.100  0.000
-0.136  0.150  0.000
-0.136  0.200  0.000
-0.136  0.250  0.000
-0.136  0.300  0.000
-0.136  0.350  0.000
-0.136  0.400  0.000
-0.136  0.450  0.000
-0.136  0.500  0.000
-0.086 -0.450  0.000
-0.086 -0.400  0.000
-0.086 -0.350  0.000
-0.086 -0.300  0.000
-0.086 -0.250  0.000
-0.086 -0.200  0.000
-0.086 -0.150  0.000
-0.086 -0.100  0.000
-0.086 -0.050  0.000
-0.086  0.000  0.000
-0.086  0.050  0.000
-0.086  0.100  0.000
-0.086  0.150  0.000
-0.086  0.200  0.000
-0.086  0.250  0.000
-0.086  0.300  0.000
-0.086  0.350  0.000
-0.086  0.400  0.000
-0.086  0.450  0.000
-0.086  0.500  0.000
-0.036 -0.450  0.000
-0.036 -0.400  0.000
-0.036 -0.350  0.000
-0.036 -0.300  0.000
-0.036 -0.250  0.000
-0.036 -0.200  0.000
-0.036 -0.150  0.000
-0.036 -0.100  0.000
-0.036 -0.050  0.000
-0.036  0.000  0.000
-0.036  0.050  0.000
-0.036  0.100  0.000
-0.036  0.150  0.000
-0.036  0.200  0.000
-0.036  0.250  0.000
-0.036  0.300  0.000
-0.036  0.350  0.000
-0.036  0.400  0.000
-0.036  0.450  0.000
-0.036  0.500  0.000
 0.014 -0.450  0.000
 0.014 -0.400  0.000
 0.014 -0.350  0.000
 0.014 -0.300  0.000
 0.014 -0.250  0.000
 0.014 -0.200  0.000
 0.014 -0.150  0.000
 0.014 -0.100  0.000
 0.014 -0.050  0.000
 0.014  0.000  0.000
 0.014  0.050  0.000
 0.014  0.100  0.000
 0.014  0.150  0.000
 0.014  0.200  0.000
 0.014  0.250  0.000
 0.014  0.300  0.000
 0.014  0.350  0.000
 0.014  0.400  0.000
 0.014  0.450  0.000
 0.014  0.500  0.000
 0.064 -0.450  0.000
 0.064 -0.400  0.000
 0.064 -0.350  0.000
 0.064 -0.300  0.000
 0.064 -0.250  0.000
 0.064 -0.200  0.000
 0.064 -0.150  0.000
 0.064 -0.100  0.000
 0.064 -0.050  0.000
 0.064  0.000  0.000
 0.064  0.050  0.000
 0.064  0.100  0.000
 0.064  0.150  0.000
 0.064  0.200  0.000
 0.064  0.250  0.000
 0.064  0.300  0.000
 0.064  0.350  0.000
 0.064  0.400  0.000
 0.064  0.450  0.000
 0.064  0.500  0.000
 0.114 -0.450  0.000
 0.114 -0.400  0.000
 0.114 -0.350  0.000
 0.114 -0.300  0.000
 0.114 -0.250  0.000
 0.114 -0.200  0.000
 0.114 -0.150  0.000
 0.114 -0.100  0.000
 0.114 -0.050  0.000
 0.114  0.000  0.000
 0.114  0.050  0.000
 0.114  0.100  0.000
 0.114  0.150  0.000
 0.114  0.200  0.000
 0.114  0.250  0.000
 0.114  0.300  0.000
 0.114  0.350  0.000
 0.114  0.400  0.000
 0.114  0.450  0.000
 0.114  0.500  0.000
