-0.121 -0.450  0.000
-0.121 -0.400  0.000
-0.121 -0.350  0.000
-0.121 -0.300  0.000
-0.121 -0.250  0.000
-0.121 -0.200  0.000
-0.121 -0.150  0.000
-0.121 -0.100  0.000
-0.121 -0.050  0.000
-0.121  0.000  0.000
-0.121  0.050  0.000
-0.121  0.100  0.000
-0.121  0.150  0.000
-0.121  0.200  0.000
-0.121  0.250  0.000
-0.121  0.300  0.000
-0.121  0.350  0.000
-0.121  0.400  0.000
-0.121  0.450  0.000
-0.121  0.500  0.000
-0.071 -0.450  0.000
-0.071 -0.400  0.000
-0.071 -0.350  0.000
-0.071 -0.300  0.000
-0.071 -0.250  0.000
-0.071 -0.200  0.000
-0.071 -0.150  0.000
-0.071 -0.100  0.000
-0.071 -0.050  0.000
-0.071  0.000  0.000
-0.071  0.050  0.000
-0.071  0.100  0.000
-0.071  0.150  0.000
-0.071  0.200  0.000
-0.071  0.250  0.000
-0.071  0.300  0.000
-0.071  0.350  0.000
-0.071  0.400  0.000
-0.071  0.450  0.000
-0.071  0.500  0.000
-0.021 -0.450  0.000
-0.021 -0.400  0.000
-0.021 -0.350  0.000
-0.021 -0.300  0.000
-0.021 -0.250  0.000
-0.021 -0.200  0.000
-0.021 -0.150  0.000
-0.021 -0.100  0.000
-0.021 -0.050  0.000
-0.021  0.000  0.000
-0.021  0.050  0.000
-0.021  0.100  0.000
-0.021  0.150  0.000
-0.021  0.200  0.000
-0.021  0.250  0.000
-0.021  0.300  0.000
-0.021  0.350  0.000
-0.021  0.400  0.000
-0.021  0.450  0.000
-0.021  0.500  0.000
 0.029 -0.450  0.000
 0.029 -0.400  0.000
 0.029 -0.350  0.000
 0.029 -0.300  0.000
 0.029 -0.250  0.000
 0.029 -0.200  0.000
 0.029 -0.150  0.000
 0.029 -0.100  0.000
 0.029 -0.050  0.000
 0.029  0.000  0.000
 0.029  0.050  0.000
 0.029  0.100  0.000
 0.029  0.150  0.000
 0.029  0.200  0.000
 0.029  0.250  0.000
 0.029  0.300  0.000
 0.029  0.350  0.000
 0.029  0.400  0.000
 0.029  0.450  0.000
 0.029  0.500  0.000
 0.079 -0.450  0.000
 0.079 -0.400  0.000
 0.079 -0.350  0.000
 0.079 -0.300  0.000
 0.079 -0.250  0.000
 0.079 -0.200  0.000
 0.079 -0.150  0.000
 0.079 -0.100  0.000
 0.079 -0.050  0.000
 0.079  0.000  0.000
 0.079  0.050  0.000
 0.079  0.100  0.000
 0.079  0.150  0.000
 0.079  0.200  0.000
 0.079  0.250  0.000
 0.079  0.300  0.000
 0.079  0.350  0.000
 0.079  0.400  0.000
 0.079  0.450  0.000
 0.079  0.500  0.000
 0.129 -0.450  0.000
 0.129 -0.400  0.000
 0.129 -0.350  0.000
 0.129 -0.300  0.000
 0.129 -0.250  0.000
 0.129 -0.200  0.000
 0.129 -0.150  0.000
 0.129 -0.100  0.000
 0.129 -0.050  0.000
 0.129  0.000  0.000
 0.129  0.050  0.000
 0.129  0.100  0.000
 0.129  0.150  0.000
 0.129  0.200  0.000
 0.129  0.250  0.000
 0.129  0.300  0.000
 0.129  0.350  0.000
 0.129  0.400  0.000
 0.129  0.450  0.000
 0.129  0.500  0.000
 0.179 -0.450  0.000
 0.179 -0.400  0.000
 0.179 -0.350  0.000
 0.179 -0.300  0.000
 0.179 -0.250  0.000
 0.179 -0.200  0.000
 0.179 -0.150  0.000
 0.179 -0.100  0.000
 0.179 -0.050  0.000
 0.179  0.000  0.000
 0.179  0.050  0.000
 0.179  0.100  0.000
 0.179  0.150  0.000
 0.179  0.200  0.000
 0.179  0.250  0.000
 0.179  0.300  0.000
 0.179  0.350  0.000
 0.179  0.400  0.000
 0.179  0.450  0.000
 0.179  0.500  0.000
 0.229 -0.450  0.000
 0.229 -0.400  0.000
 0.229 -0.350  0.000
 0.229 -0.300  0.000
 0.229 -0.250  0.000
 0.229 -0.200  0.000
 0.229 -0.150  0.000
 0.229 -0.100  0.000
 0.229 -0.050  0.000
 0.229  0.000  0.000
 0.229  0.050  0.000
 0.229  0.100  0.000
 0.229  0.150  0.000
 0.229  0.200  0.000
 0.229  0.250  0.000
 0.229  0.300  0.000
 0.229  0.350  0.000
 0.229  0.400  0.000
 0.229  0.450  0.000
 0.229  0.500  0.000
 0.279 -0.450  0.000
 0.279 -0.400  0.000
 0.279 -0.350  0.000
 0.279 -0.300  0.000
 0.279 -0.250  0.000
 0.279 -0.200  0.000
 0.279 -0.150  0.000
 0.279 -0.100  0.000
 0.279 -0.050  0.000
 0.279  0.000  0.000
 0.279  0.050  0.000
 0.279  0.100  0.000
 0.279  0.150  0.000
 0.279  0.200  0.000
 0.279  0.250  0.000
 0.279  0.300  0.000
 0.279  0.350  0.000
 0.279  0.400  0.000
 0.279  0.450  0.000
 0.279  0.500  0.000
 0.329 -0.450  0.000
 0.329 -0.400  0.000
 0.329 -0.350  0.000
 0.329 -0.300  0.000
 0.329 -0.250  0.000
 0.329 -0.200  0.000
 0.329 -0.150  0.000
 0.329 -0.100  0.000
 0.329 -0.050  0.000
 0.329  0.000  0.000
 0.329  0.050  0.000
 0.329  0.100  0.000
 0.329  0.150  0.000
 0.329  0.200  0.000
 0.329  0.250  0.000
 0.329  0.300  0.000
 0.329  0.350  0.000
 0.329  0.400  0.000
 0.329  0.450  0.000
 0.329  0.500  0.000
 0.379 -0.450  0.000
 0.379 -0.400  0.000
 0.379 -0.350  0.000
 0.379 -0.300  0.000
 0.379 -0.250  0.000
 0.379 -0.200  0.000
 0.379 -0.150  0.000
 0.379 -0.100  0.000
 0.379 -0.050  0.000
 0.379  0.000  0.000
 0.379  0.050  0.000
 0.379  0.100  0.000
 0.379  0.150  0.000
 0.379  0.200  0.000
 0.379  0.250  0.000
 0.379  0.300  0.000
 0.379  0.350  0.000
 0.379  0.400  0.000
 0.379  0.450  0.000
 0.379  0.500  0.000
 0.429 -0.450  0.000
 0.429 -0.400  0.000
 0.429 -0.350  0.000
 0.429 -0.300  0.000
 0.429 -0.250  0.000
 0.429 -0.200  0.000
 0.429 -0.150  0.000
 0.429 -0.100  0.000
 0.429 -0.050  0.000
 0.429  0.000  0.000
 0.429  0.050  0.000
 0.429  0.100  0.000
 0.429  0.150  0.000
 0.429  0.200  0.000
 0.429  0.250  0.000
 0.429  0.300  0.000
 0.429  0.350  0.000
 0.429  0.400  0.000
 0.429  0.450  0.000
 0.429  0.500  0.000
 0.479 -0.450  0.000
 0.479 -0.400  0.000
 0.479 -0.350  0.000
 0.479 -0.300  0.000
 0.479 -0.250  0.000
 0.479 -0.200  0.000
 0.479 -0.150  0.000
 0.479 -0.100  0.000
 0.479 -0.050  0.000
 0.479  0.000  0.000
 0.479  0.050  0.000
 0.479  0.100  0.000
 0.479  0.150  0.000
 0.479  0.200  0.000
 0.479  0.250  0.000
 0.479  0.300  0.000
 0.479  0.350  0.000
 0.479  0.400  0.000
 0.479  0.450  0.000
 0.479  0.500  0.000
-0.471 -0.450  0.000
-0.471 -0.400  0.000
-0.471 -0.350  0.000
-0.471 -0.300  0.000
-0.471 -0.250  0.000
-0.471 -0.200  0.000
-0.471 -0.150  0.000
-0.471 -0.100  0.000
-0.471 -0.050  0.000
-0.471  0.000  0.000
-0.471  0.050  0.000
-0.471  0.100  0.000
-0.471  0.150  0.000
-0.471  0.200  0.000
-0.471  0.250  0.000
-0.471  0.300  0.000
-0.471  0.350  0.000
-0.471  0.400  0.000
-0.471  0.450  0.000
-0.471  0.500  0.000
-0.421 -0.450  0.000
-0.421 -0.400  0.000
-0.421 -0.350  0.000
-0.421 -0.300  0.000
-0.421 -0.250  0.000
-0.421 -0.200  0.000
-0.421 -0.150  0.000
-0.421 -0.100  0.000
-0.421 -0.050  0.000
-0.421  0.000  0.000
-0.421  0.050  0.000
-0.421  0.100  0.000
-0.421  0.150  0.000
-0.421  0.200  0.000
-0.421  0.250  0.000
-0.421  0.300  0.000
-0.421  0.350  0.000
-0.421  0.400  0.000
-0.421  0.450  0.000
-0.421  0.500  0.000
-0.371 -0.450  0.000
-0.371 -0.400  0.000
-0.371 -0.350  0.000
-0.371 -0.300  0.000
-0.371 -0.250  0.000
-0.371 -0.200  0.000
-0.371 -0.150  0.000
-0.371 -0.100  0.000
-0.371 -0.050  0.000
-0.371  0.000  0.000
-0.371  0.050  0.000
-0.371  0.100  0.000
-0.371  0.150  0.000
-0.371  0.200  0.000
-0.371  0.250  0.000
-0.371  0.300  0.000
-0.371  0.350  0.000
-0.371  0.400  0.000
-0.371  0.450  0.000
-0.371  0.500  0.000
-0.321 -0.450  0.000
-0.321 -0.400  0.000
-0.321 -0.350  0.000
-0.321 -0.300  0.000
-0.321 -0.250  0.000
-0.321 -0.200  0.000
-0.321 -0.150  0.000
-0.321 -0.100  0.000
-0.321 -0.050  0.000
-0.321  0.000  0.000
-0.321  0.050  0.000
-0.321  0.100  0.000
-0.321  0.150  0.000
-0.321  0.200  0.000
-0.321  0.250  0.000
-0.321  0.300  0.000
-0.321  0.350  0.000
-0.321  0.400  0.000
-0.321  0.450  0.000
-0.321  0.500  0.000
-0.271 -0.450  0.000
-0.271 -0.400  0.000
-0.271 -0.350  0.000
-0.271 -0.300  0.000
-0.271 -0.250  0.000
-0.271 -0.200  0.000
-0.271 -0.150  0.000
-0.271 -0.100  0.000
-0.271 -0.050  0.000
-0.271  0.000  0.000
-0.271  0.050  0.000
-0.271  0.100  0.000
-0.271  0.150  0.000
-0.271  0.200  0.000
-0.271  0.250  0.000
-0.271  0.300  0.000
-0.271  0.350  0.000
-0.271  0.400  0.000
-0.271  0.450  0.000
-0.271  0.500  0.000
-0.221 -0.450  0.000
-0.221 -0.400  0.000
-0.221 -0.350  0.000
-0.221 -0.300  0.000
-0.221 -0.250  0.000
-0.221 -0.200  0.000
-0.221 -0.150  0.000
-0.221 -0.100  0.000
-0.221 -0.050  0.000
-0.221  0.000  0.000
-0.221  0.050  0.000
-0.221  0.100  0.000
-0.221  0.150  0.000
-0.221  0.200  0.000
-0.221  0.250  0.000
-0.221  0.300  0.000
-0.221  0.350  0.000
-0.221  0.400  0.000
-0.221  0.450  0.000
-0.221  0.500  0.000
-0.171 -0.450  0.000
-0.171 -0.400  0.000
-0.171 -0.350  0.000
-0.171 -0.300  0.000
-0.171 -0.250  0.000
-0.171 -0.200  0.000
-0.171 -0.150  0.000
-0.171 -0.100  0.000
-0.171 -0.050  0.000
-0.171  0.000  0.000
-0.171  0.050  0.000
-0.171  0.100  0.000
-0.171  0.150  0.000
-0.171  0.200  0.000
-0.171  0.250  0.000
-0.171  0.300  0.000
-0.171  0.350  0.000
-0.171  0.400  0.000
-0.171  0.450  0.000
-0.171  0.500  0.000
