-0.020 -0.020  0.000
-0.020  0.030  0.000
-0.020  0.080  0.000
-0.020  0.130  0.000
-0.020  0.180  0.000
-0.020  0.230  0.000
-0.020  0.280  0.000
-0.020  0.330  0.000
-0.020  0.380  0.000
-0.020  0.430  0.000
-0.020  0.480  0.000
-0.020 -0.470  0.000
-0.020 -0.420  0.000
-0.020 -0.370  0.000
-0.020 -0.320  0.000
-0.020 -0.270  0.000
-0.020 -0.220  0.000
-0.020 -0.170  0.000
-0.020 -0.120  0.000
-0.020 -0.070  0.000
 0.030 -0.020  0.000
 0.030  0.030  0.000
 0.030  0.080  0.000
 0.030  0.130  0.000
 0.030  0.180  0.000
 0.030  0.230  0.000
 0.030  0.280  0.000
 0.030  0.330  0.000
 0.030  0.380  0.000
 0.030  0.430  0.000
 0.030  0.480  0.000
 0.030 -0.470  0.000
 0.030 -0.420  0.000
 0.030 -0.370  0.000
 0.030 -0.320  0.000
 0.030 -0.270  0.000
 0.030 -0.220  0.000
 0.030 -0.170  0.000
 0.030 -0.120  0.000
 0.030 -0.070  0.000
 0.080 -0.020  0.000
 0.080  0.030  0.000
 0.080  0.080  0.000
 0.080  0.130  0.000
 0.080  0.180  0.000
 0.080  0.230  0.000
 0.080  0.280  0.000
 0.080  0.330  0.000
 0.080  0.380  0.000
 0.080  0.430  0.000
 0.080  0.480  0.000
 0.080 -0.470  0.000
 0.080 -0.420  0.000
 0.080 -0.370  0.000
 0.080 -0.320  0.000
 0.080 -0.270  0.000
 0.080 -0.220  0.000
 0.080 -0.170  0.000
 0.080 -0.120  0.000
 0.080 -0.070  0.000
 0.130 -0.020  0.000
 0.130  0.030  0.000
 0.130  0.080  0.000
 0.130  0.130  0.000
 0.130  0.180  0.000
 0.130  0.230  0.000
 0.130  0.280  0.000
 0.130  0.330  0.000
 0.130  0.380  0.000
 0.130  0.430  0.000
 0.130  0.480  0.000
 0.130 -0.470  0.000
 0.130 -0.420  0.000
 0.130 -0.370  0.000
 0.130 -0.320  0.000
 0.130 -0.270  0.000
 0.130 -0.220  0.000
 0.130 -0.170  0.000
 0.130 -0.120  0.000
 0.130 -0.070  0.000
 0.180 -0.020  0.000
 0.180  0.030  0.000
 0.180  0.080  0.000
 0.180  0.130  0.000
 0.180  0.180  0.000
 0.180  0.230  0.000
 0.180  0.280  0.000
 0.180  0.330  0.000
 0.180  0.380  0.000
 0.180  0.430  0.000
 0.180  0.480  0.000
 0.180 -0.470  0.000
 0.180 -0.420  0.000
 0.180 -0.370  0.000
 0.180 -0.320  0.000
 0.180 -0.270  0.000
 0.180 -0.220  0.000
 0.180 -0.170  0.000
 0.180 -0.120  0.000
 0.180 -0.070  0.000
 0.230 -0.020  0.000
 0.230  0.030  0.000
 0.230  0.080  0.000
 0.230  0.130  0.000
 0.230  0.180  0.000
 0.230  0.230  0.000
 0.230  0.280  0.000
 0.230  0.330  0.000
 0.230  0.380  0.000
 0.230  0.430  0.000
 0.230  0.480  0.000
 0.230 -0.470  0.000
 0.230 -0.420  0.000
 0.230 -0.370  0.000
 0.230 -0.320  0.000
 0.230 -0.270  0.000
 0.230 -0.220  0.000
 0.230 -0.170  0.000
 0.230 -0.120  0.000
 0.230 -0.070  0.000
 0.280 -0.020  0.000
 0.280  0.030  0.000
 0.280  0.080  0.000
 0.280  0.130  0.000
 0.280  0.180  0.000
 0.280  0.230  0.000
 0.280  0.280  0.000
 0.280  0.330  0.000
 0.280  0.380  0.000
 0.280  0.430  0.000
 0.280  0.480  0.000
 0.280 -0.470  0.000
 0.280 -0.420  0.000
 0.280 -0.370  0.000
 0.280 -0.320  0.000
 0.280 -0.270  0.000
 0.280 -0.220  0.000
 0.280 -0.170  0.000
 0.280 -0.120  0.000
 0.280 -0.070  0.000
 0.330 -0.020  0.000
 0.330  0.030  0.000
 0.330  0.080  0.000
 0.330  0.130  0.000
 0.330  0.180  0.000
 0.330  0.230  0.000
 0.330  0.280  0.000
 0.330  0.330  0.000
 0.330  0.380  0.000
 0.330  0.430  0.000
 0.330  0.480  0.000
 0.330 -0.470  0.000
 0.330 -0.420  0.000
 0.330 -0.370  0.000
 0.330 -0.320  0.000
 0.330 -0.270  0.000
 0.330 -0.220  0.000
 0.330 -0.170  0.000
 0.330 -0.120  0.000
 0.330 -0.070  0.000
 0.380 -0.020  0.000
 0.380  0.030  0.000
 0.380  0.080  0.000
 0.380  0.130  0.000
 0.380  0.180  0.000
 0.380  0.230  0.000
 0.380  0.280  0.000
 0.380  0.330  0.000
 0.380  0.380  0.000
 0.380  0.430  0.000
 0.380  0.480  0.000
 0.380 -0.470  0.000
 0.380 -0.420  0.000
 0.380 -0.370  0.000
 0.380 -0.320  0.000
 0.380 -0.270  0.000
 0.380 -0.220  0.000
 0.380 -0.170  0.000
 0.380 -0.120  0.000
 0.380 -0.070  0.000
 0.430 -0.020  0.000
 0.430  0.030  0.000
 0.430  0.080  0.000
 0.430  0.130  0.000
 0.430  0.180  0.000
 0.430  0.230  0.000
 0.430  0.280  0.000
 0.430  0.330  0.000
 0.430  0.380  0.000
 0.430  0.430  0.000
 0.430  0.480  0.000
 0.430 -0.470  0.000
 0.430 -0.420  0.000
 0.430 -0.370  0.000
 0.430 -0.320  0.000
 0.430 -0.270  0.000
 0.430 -0.220  0.000
 0.430 -0.170  0.000
 0.430 -0.120  0.000
 0.430 -0.070  0.000
 0.480 -0.020  0.000
 0.480  0.030  0.000
 0.480  0.080  0.000
 0.480  0.130  0.000
 0.480  0.180  0.000
 0.480  0.230  0.000
 0.480  0.280  0.000
 0.480  0.330  0.000
 0.480  0.380  0.000
 0.480  0.430  0.000
 0.480  0.480  0.000
 0.480 -0.470  0.000
 0.480 -0.420  0.000
 0.480 -0.370  0.000
 0.480 -0.320  0.000
 0.480 -0.270  0.000
 0.480 -0.220  0.000
 0.480 -0.170  0.000
 0.480 -0.120  0.000
 0.480 -0.070  0.000
-0.470 -0.020  0.000
-0.470  0.030  0.000
-0.470  0.080  0.000
-0.470  0.130  0.000
-0.470  0.180  0.000
-0.470  0.230  0.000
-0.470  0.280  0.000
-0.470  0.330  0.000
-0.470  0.380  0.000
-0.470  0.430  0.000
-0.470  0.480  0.000
-0.470 -0.470  0.000
-0.470 -0.420  0.000
-0.470 -0.370  0.000
-0.470 -0.320  0.000
-0.470 -0.270  0.000
-0.470 -0.220  0.000
-0.470 -0.170  0.000
-0.470 -0.120  0.000
-0.470 -0.070  0.000
-0.420 -0.020  0.000
-0.420  0.030  0.000
-0.420  0.080  0.000
-0.420  0.130  0.000
-0.420  0.180  0.000
-0.420  0.230  0.000
-0.420  0.280  0.000
-0.420  0.330  0.000
-0.420  0.380  0.000
-0.420  0.430  0.000
-0.420  0.480  0.000
-0.420 -0.470  0.000
-0.420 -0.420  0.000
-0.420 -0.370  0.000
-0.420 -0.320  0.000
-0.420 -0.270  0.000
-0.420 -0.220  0.000
-0.420 -0.170  0.000
-0.420 -0.120  0.000
-0.420 -0.070  0.000
-0.370 -0.020  0.000
-0.370  0.030  0.000
-0.370  0.080  0.000
-0.370  0.130  0.000
-0.370  0.180  0.000
-0.370  0.230  0.000
-0.370  0.280  0.000
-0.370  0.330  0.000
-0.370  0.380  0.000
-0.370  0.430  0.000
-0.370  0.480  0.000
-0.370 -0.470  0.000
-0.370 -0.420  0.000
-0.370 -0.370  0.000
-0.370 -0.320  0.000
-0.370 -0.270  0.000
-0.370 -0.220  0.000
-0.370 -0.170  0.000
-0.370 -0.120  0.000
-0.370 -0.070  0.000
-0.320 -0.020  0.000
-0.320  0.030  0.000
-0.320  0.080  0.000
-0.320  0.130  0.000
-0.320  0.180  0.000
-0.320  0.230  0.000
-0.320  0.280  0.000
-0.320  0.330  0.000
-0.320  0.380  0.000
-0.320  0.430  0.000
-0.320  0.480  0.000
-0.320 -0.470  0.000
-0.320 -0.420  0.000
-0.320 -0.370  0.000
-0.320 -0.320  0.000
-0.320 -0.270  0.000
-0.320 -0.220  0.000
-0.320 -0.170  0.000
-0.320 -0.120  0.000
-0.320 -0.070  0.000
-0.270 -0.020  0.000
-0.270  0.030  0.000
-0.270  0.080  0.000
-0.270  0.130  0.000
-0.270  0.180  0.000
-0.270  0.230  0.000
-0.270  0.280  0.000
-0.270  0.330  0.000
-0.270  0.380  0.000
-0.270  0.430  0.000
-0.270  0.480  0.000
-0.270 -0.470  0.000
-0.270 -0.420  0.000
-0.270 -0.370  0.000
-0.270 -0.320  0.000
-0.270 -0.270  0.000
-0.270 -0.220  0.000
-0.270 -0.170  0.000
-0.270 -0.120  0.000
-0.270 -0.070  0.000
-0.220 -0.020  0.000
-0.220  0.030  0.000
-0.220  0.080  0.000
-0.220  0.130  0.000
-0.220  0.180  0.000
-0.220  0.230  0.000
-0.220  0.280  0.000
-0.220  0.330  0.000
-0.220  0.380  0.000
-0.220  0.430  0.000
-0.220  0.480  0.000
-0.220 -0.470  0.000
-0.220 -0.420  0.000
-0.220 -0.370  0.000
-0.220 -0.320  0.000
-0.220 -0.270  0.000
-0.220 -0.220  0.000
-0.220 -0.170  0.000
-0.220 -0.120  0.000
-0.220 -0.070  0.000
-0.170 -0.020  0.000
-0.170  0.030  0.000
-0.170  0.080  0.000
-0.170  0.130  0.000
-0.170  0.180  0.000
-0.170  0.230  0.000
-0.170  0.280  0.000
-0.170  0.330  0.000
-0.170  0.380  0.000
-0.170  0.430  0.000
-0.170  0.480  0.000
-0.170 -0.470  0.000
-0.170 -0.420  0.000
-0.170 -0.370  0.000
-0.170 -0.320  0.000
-0.170 -0.270  0.000
-0.170 -0.220  0.000
-0.170 -0.170  0.000
-0.170 -0.120  0.000
-0.170 -0.070  0.000
-0.120 -0.020  0.000
-0.120  0.030  0.000
-0.120  0.080  0.000
-0.120  0.130  0.000
-0.120  0.180  0.000
-0.120  0.230  0.000
-0.120  0.280  0.000
-0.120  0.330  0.000
-0.120  0.380  0.000
-0.120  0.430  0.000
-0.120  0.480  0.000
-0.120 -0.470  0.000
-0.120 -0.420  0.000
-0.120 -0.370  0.000
-0.120 -0.320  0.000
-0.120 -0.270  0.000
-0.120 -0.220  0.000
-0.120 -0.170  0.000
-0.120 -0.120  0.000
-0.120 -0.070  0.000
-0.070 -0.020  0.000
-0.070  0.030  0.000
-0.070  0.080  0.000
-0.070  0.130  0.000
-0.070  0.180  0.000
-0.070  0.230  0.000
-0.070  0.280  0.000
-0.070  0.330  0.000
-0.070  0.380  0.000
-0.070  0.430  0.000
-0.070  0.480  0.000
-0.070 -0.470  0.000
-0.070 -0.420  0.000
-0.070 -0.370  0.000
-0.070 -0.320  0.000
-0.070 -0.270  0.000
-0.070 -0.220  0.000
-0.070 -0.170  0.000
-0.070 -0.120  0.000
-0.070 -0.070  0.000
