 0.450 -0.350  0.000
 0.450 -0.300  0.000
 0.450 -0.250  0.000
 0.450 -0.200  0.000
 0.450 -0.150  0.000
 0.450 -0.100  0.000
 0.450 -0.050  0.000
 0.450 -0.000  0.000
 0.450  0.050  0.000
 0.450  0.100  0.000
 0.450  0.150  0.000
 0.450  0.200  0.000
 0.450  0.250  0.000
 0.450  0.300  0.000
 0.450  0.350  0.000
 0.450  0.400  0.000
 0.450  0.450  0.000
 0.450  0.500  0.000
 0.450 -0.450  0.000
 0.450 -0.400  0.000
 0.500 -0.350  0.000
 0.500 -0.300  0.000
 0.500 -0.250  0.000
 0.500 -0.200  0.000
 0.500 -0.150  0.000
 0.500 -0.100  0.000
 0.500 -0.050  0.000
 0.500 -0.000  0.000
 0.500  0.050  0.000
 0.500  0.100  0.000
 0.500  0.150  0.000
 0.500  0.200  0.000
 0.500  0.250  0.000
 0.500  0.300  0.000
 0.500  0.350  0.000
 0.500  0.400  0.000
 0.500  0.450  0.000
 0.500  0.500  0.000
 0.500 -0.450  0.000
 0.500 -0.400  0.000
-0.450 -0.350  0.000
-0.450 -0.300  0.000
-0.450 -0.250  0.000
-0.450 -0.200  0.000
-0.450 -0.150  0.000
-0.450 -0.100  0.000
-0.450 -0.050  0.000
-0.450 -0.000  0.000
-0.450  0.050  0.000
-0.450  0.100  0.000
-0.450  0.150  0.000
-0.450  0.200  0.000
-0.450  0.250  0.000
-0.450  0.300  0.000
-0.450  0.350  0.000
-0.450  0.400  0.000
-0.450  0.450  0.000
-0.450  0.500  0.000
-0.450 -0.450  0.000
-0.450 -0.400  0.000
-0.400 -0.350  0.000
-0.400 -0.300  0.000
-0.400 -0.250  0.000
-0.400 -0.200  0.000
-0.400 -0.150  0.000
-0.400 -0.100  0.000
-0.400 -0.050  0.000
-0.400 -0.000  0.000
-0.400  0.050  0.000
-0.400  0.100  0.000
-0.400  0.150  0.000
-0.400  0.200  0.000
-0.400  0.250  0.000
-0.400  0.300  0.000
-0.400  0.350  0.000
-0.400  0.400  0.000
-0.400  0.450  0.000
-0.400  0.500  0.000
-0.400 -0.450  0.000
-0.400 -0.400  0.000
-0.350 -0.350  0.000
-0.350 -0.300  0.000
-0.350 -0.250  0.000
-0.350 -0.200  0.000
-0.350 -0.150  0.000
-0.350 -0.100  0.000
-0.350 -0.050  0.000
-0.350 -0.000  0.000
-0.350  0.050  0.000
-0.350  0.100  0.000
-0.350  0.150  0.000
-0.350  0.200  0.000
-0.350  0.250  0.000
-0.350  0.300  0.000
-0.350  0.350  0.000
-0.350  0.400  0.000
-0.350  0.450  0.000
-0.350  0.500  0.000
-0.350 -0.450  0.000
-0.350 -0.400  0.000
-0.300 -0.350  0.000
-0.300 -0.300  0.000
-0.300 -0.250  0.000
-0.300 -0.200  0.000
-0.300 -0.150  0.000
-0.300 -0.100  0.000
-0.300 -0.050  0.000
-0.300 -0.000  0.000
-0.300  0.050  0.000
-0.300  0.100  0.000
-0.300  0.150  0.000
-0.300  0.200  0.000
-0.300  0.250  0.000
-0.300  0.300  0.000
-0.300  0.350  0.000
-0.300  0.400  0.000
-0.300  0.450  0.000
-0.300  0.500  0.000
-0.300 -0.450  0.000
-0.300 -0.400  0.000
-0.250 -0.350  0.000
-0.250 -0.300  0.000
-0.250 -0.250  0.000
-0.250 -0.200  0.000
-0.250 -0.150  0.000
-0.250 -0.100  0.000
-0.250 -0.050  0.000
-0.250 -0.000  0.000
-0.250  0.050  0.000
-0.250  0.100  0.000
-0.250  0.150  0.000
-0.250  0.200  0.000
-0.250  0.250  0.000
-0.250  0.300  0.000
-0.250  0.350  0.000
-0.250  0.400  0.000
-0.250  0.450  0.000
-0.250  0.500  0.000
-0.250 -0.450  0.000
-0.250 -0.400  0.000
-0.200 -0.350  0.000
-0.200 -0.300  0.000
-0.200 -0.250  0.000
-0.200 -0.200  0.000
-0.200 -0.150  0.000
-0.200 -0.100  0.000
-0.200 -0.050  0.000
-0.200 -0.000  0.000
-0.200  0.050  0.000
-0.200  0.100  0.000
-0.200  0.150  0.000
-0.200  0.200  0.000
-0.200  0.250  0.000
-0.200  0.300  0.000
-0.200  0.350  0.000
-0.200  0.400  0.000
-0.200  0.450  0.000
-0.200  0.500  0.000
-0.200 -0.450  0.000
-0.200 -0.400  0.000
-0.150 -0.350  0.000
-0.150 -0.300  0.000
-0.150 -0.250  0.000
-0.150 -0.200  0.000
-0.150 -0.150  0.000
-0.150 -0.100  0.000
-0.150 -0.050  0.000
-0.150 -0.000  0.000
-0.150  0.050  0.000
-0.150  0.100  0.000
-0.150  0.150  0.000
-0.150  0.200  0.000
-0.150  0.250  0.000
-0.150  0.300  0.000
-0.150  0.350  0.000
-0.150  0.400  0.000
-0.150  0.450  0.000
-0.150  0.500  0.000
-0.150 -0.450  0.000
-0.150 -0.400  0.000
-0.100 -0.350  0.000
-0.100 -0.300  0.000
-0.100 -0.250  0.000
-0.100 -0.200  0.000
-0.100 -0.150  0.000
-0.100 -0.100  0.000
-0.100 -0.050  0.000
-0.100 -0.000  0.000
-0.100  0.050  0.000
-0.100  0.100  0.000
-0.100  0.150  0.000
-0.100  0.200  0.000
-0.100  0.250  0.000
-0.100  0.300  0.000
-0.100  0.350  0.000
-0.100  0.400  0.000
-0.100  0.450  0.000
-0.100  0.500  0.000
-0.100 -0.450  0.000
-0.100 -0.400  0.000
-0.050 -0.350  0.000
-0.050 -0.300  0.000
-0.050 -0.250  0.000
-0.050 -0.200  0.000
-0.050 -0.150  0.000
-0.050 -0.100  0.000
-0.050 -0.050  0.000
-0.050 -0.000  0.000
-0.050  0.050  0.000
-0.050  0.100  0.000
-0.050  0.150  0.000
-0.050  0.200  0.000
-0.050  0.250  0.000
-0.050  0.300  0.000
-0.050  0.350  0.000
-0.050  0.400  0.000
-0.050  0.450  0.000
-0.050  0.500  0.000
-0.050 -0.450  0.000
-0.050 -0.400  0.000
 0.000 -0.350  0.000
 0.000 -0.300  0.000
 0.000 -0.250  0.000
 0.000 -0.200  0.000
 0.000 -0.150  0.000
 0.000 -0.100  0.000
 0.000 -0.050  0.000
 0.000 -0.000  0.000
 0.000  0.050  0.000
 0.000  0.100  0.000
 0.000  0.150  0.000
 0.000  0.200  0.000
 0.000  0.250  0.000
 0.000  0.300  0.000
 0.000  0.350  0.000
 0.000  0.400  0.000
 0.000  0.450  0.000
 0.000  0.500  0.000
 0.000 -0.450  0.000
 0.000 -0.400  0.000
 0.050 -0.350  0.000
 0.050 -0.300  0.000
 0.050 -0.250  0.000
 0.050 -0.200  0.000
 0.050 -0.150  0.000
 0.050 -0.100  0.000
 0.050 -0.050  0.000
 0.050 -0.000  0.000
 0.050  0.050  0.000
 0.050  0.100  0.000
 0.050  0.150  0.000
 0.050  0.200  0.000
 0.050  0.250  0.000
 0.050  0.300  0.000
 0.050  0.350  0.000
 0.050  0.400  0.000
 0.050  0.450  0.000
 0.050  0.500  0.000
 0.050 -0.450  0.000
 0.050 -0.400  0.000
 0.100 -0.350  0.000
 0.100 -0.300  0.000
 0.100 -0.250  0.000
 0.100 -0.200  0.000
 0.100 -0.150  0.000
 0.100 -0.100  0.000
 0.100 -0.050  0.000
 0.100 -0.000  0.000
 0.100  0.050  0.000
 0.100  0.100  0.000
 0.100  0.150  0.000
 0.100  0.200  0.000
 0.100  0.250  0.000
 0.100  0.300  0.000
 0.100  0.350  0.000
 0.100  0.400  0.000
 0.100  0.450  0.000
 0.100  0.500  0.000
 0.100 -0.450  0.000
 0.100 -0.400  0.000
 0.150 -0.350  0.000
 0.150 -0.300  0.000
 0.150 -0.250  0.000
 0.150 -0.200  0.000
 0.150 -0.150  0.000
 0.150 -0.100  0.000
 0.150 -0.050  0.000
 0.150 -0.000  0.000
 0.150  0.050  0.000
 0.150  0.100  0.000
 0.150  0.150  0.000
 0.150  0.200  0.000
 0.150  0.250  0.000
 0.150  0.300  0.000
 0.150  0.350  0.000
 0.150  0.400  0.000
 0.150  0.450  0.000
 0.150  0.500  0.000
 0.150 -0.450  0.000
 0.150 -0.400  0.000
 0.200 -0.350  0.000
 0.200 -0.300  0.000
 0.200 -0.250  0.000
 0.200 -0.200  0.000
 0.200 -0.150  0.000
 0.200 -0.100  0.000
 0.200 -0.050  0.000
 0.200 -0.000  0.000
 0.200  0.050  0.000
 0.200  0.100  0.000
 0.200  0.150  0.000
 0.200  0.200  0.000
 0.200  0.250  0.000
 0.200  0.300  0.000
 0.200  0.350  0.000
 0.200  0.400  0.000
 0.200  0.450  0.000
 0.200  0.500  0.000
 0.200 -0.450  0.000
 0.200 -0.400  0.000
 0.250 -0.350  0.000
 0.250 -0.300  0.000
 0.250 -0.250  0.000
 0.250 -0.200  0.000
 0.250 -0.150  0.000
 0.250 -0.100  0.000
 0.250 -0.050  0.000
 0.250 -0.000  0.000
 0.250  0.050  0.000
 0.250  0.100  0.000
 0.250  0.150  0.000
 0.250  0.200  0.000
 0.250  0.250  0.000
 0.250  0.300  0.000
 0.250  0.350  0.000
 0.250  0.400  0.000
 0.250  0.450  0.000
 0.250  0.500  0.000
 0.250 -0.450  0.000
 0.250 -0.400  0.000
 0.300 -0.350  0.000
 0.300 -0.300  0.000
 0.300 -0.250  0.000
 0.300 -0.200  0.000
 0.300 -0.150  0.000
 0.300 -0.100  0.000
 0.300 -0.050  0.000
 0.300 -0.000  0.000
 0.300  0.050  0.000
 0.300  0.100  0.000
 0.300  0.150  0.000
 0.300  0.200  0.000
 0.300  0.250  0.000
 0.300  0.300  0.000
 0.300  0.350  0.000
 0.300  0.400  0.000
 0.300  0.450  0.000
 0.300  0.500  0.000
 0.300 -0.450  0.000
 0.300 -0.400  0.000
 0.350 -0.350  0.000
 0.350 -0.300  0.000
 0.350 -0.250  0.000
 0.350 -0.200  0.000
 0.350 -0.150  0.000
 0.350 -0.100  0.000
 0.350 -0.050  0.000
 0.350 -0.000  0.000
 0.350  0.050  0.000
 0.350  0.100  0.000
 0.350  0.150  0.000
 0.350  0.200  0.000
 0.350  0.250  0.000
 0.350  0.300  0.000
 0.350  0.350  0.000
 0.350  0.400  0.000
 0.350  0.450  0.000
 0.350  0.500  0.000
 0.350 -0.450  0.000
 0.350 -0.400  0.000
 0.400 -0.350  0.000
 0.400 -0.300  0.000
 0.400 -0.250  0.000
 0.400 -0.200  0.000
 0.400 -0.150  0.000
 0.400 -0.100  0.000
 0.400 -0.050  0.000
 0.400 -0.000  0.000
 0.400  0.050  0.000
 0.400  0.100  0.000
 0.400  0.150  0.000
 0.400  0.200  0.000
 0.400  0.250  0.000
 0.400  0.300  0.000
 0.400  0.350  0.000
 0.400  0.400  0.000
 0.400  0.450  0.000
 0.400  0.500  0.000
 0.400 -0.450  0.000
 0.400 -0.400  0.000
