types = ['Cu','O','O','Cu','O','O','Cu','O','O','Cu','O','O','Cu','O','O','Cu','O','O','Cu','O',
	 'O','Cu','O','O','Cu','O','O','Cu','O','O','Cu','O','O','Cu','O','O','Cu','O','O','Cu',
	 'O','O','Cu','O','O','Cu','O','O','Cu','O','O','Cu','O','O','Cu','O','O','Cu','O','O',
	 'Cu','O','O','Cu','O','O','Cu','O','O','Cu','O','O','Cu','O','O','Cu','O','O','Cu','O',
	 'O','Cu','O','O','Cu','O','O','Cu','O','O','Cu','O','O','Cu','O','O','Cu','O','O','Cu',
	 'O','O','Cu','O','O','Cu','O','O','Cu','O','O','Cu','O','O','Cu','O','O','Cu','O','O',
	 'Cu','O','O','Cu','O','O','Cu','O','O','Cu','O','O','Cu','O','O','Cu','O','O','Cu','O',
	 'O','Cu','O','O','Cu','O','O','Cu','O','O','Cu','O','O','Cu','O','O','Cu','O','O','Cu',
	 'O','O','Cu','O','O','Cu','O','O','Cu','O','O','Cu','O','O','Cu','O','O','Cu','O','O',
	 'Cu','O','O','Cu','O','O','Cu','O','O','Cu','O','O']
spin_up_site_density = [  2.000,  0.000,  0.000,  0.146,  0.000,
			   0.000,  0.000,  0.000,  0.000,  0.854,
			   0.000,  0.000,  0.000,  0.000,  0.000,
			   0.854,  0.000,  0.000,  0.000,  0.000,
			   0.000,  0.146,  0.000,  0.000,  0.146,
			   0.000,  0.000,  0.000,  0.000,  0.000,
			   0.854,  0.000,  0.000,  0.000,  0.000,
			   0.000,  0.854,  0.000,  0.000,  0.000,
			   0.000,  0.000,  0.146,  0.000,  0.000,
			   2.000,  0.000,  0.000,  0.000,  0.000,
			   0.000,  0.854,  0.000,  0.000,  0.000,
			   0.000,  0.000,  0.854,  0.000,  0.000,
			   0.000,  0.000,  0.000,  0.146,  0.000,
			   0.000,  2.000,  0.000,  0.000,  0.146,
			   0.000,  0.000,  0.854,  0.000,  0.000,
			   0.000,  0.000,  0.000,  0.854,  0.000,
			   0.000,  0.000,  0.000,  0.000,  0.146,
			   0.000,  0.000,  2.000,  0.000,  0.000,
			   0.146,  0.000,  0.000,  0.000,  0.000,
			   0.000,  0.000,  0.000,  0.000,  0.854,
			   0.000,  0.000,  0.000,  0.000,  0.000,
			   0.146,  0.000,  0.000,  2.000,  0.000,
			   0.000,  0.146,  0.000,  0.000,  0.000,
			   0.000,  0.000,  0.854,  0.000,  0.000,
			   0.854,  0.000,  0.000,  0.000,  0.000,
			   0.000,  0.146,  0.000,  0.000,  2.000,
			   0.000,  0.000,  0.146,  0.000,  0.000,
			   0.000,  0.000,  0.000,  0.854,  0.000,
			   0.000,  0.000,  0.000,  0.000,  0.000,
			   0.000,  0.000,  0.146,  0.000,  0.000,
			   2.000,  0.000,  0.000,  0.146,  0.000,
			   0.000,  0.000,  0.000,  0.000,  0.854,
			   0.000,  0.000,  0.000,  0.000,  0.000,
			   0.854,  0.000,  0.000,  0.146,  0.000,
			   0.000,  2.000,  0.000,  0.000,  0.146,
			   0.000,  0.000,  0.000,  0.000,  0.000,
			   0.854,  0.000,  0.000,  0.000,  0.000,
			   0.000,  0.854,  0.000,  0.000,  0.000,
			   0.000,  0.000]
spin_down_site_density = [  0.000,  0.000,  0.000,  0.854,  0.000,
			   0.000,  0.000,  0.000,  0.000,  0.146,
			   0.000,  0.000,  2.000,  0.000,  0.000,
			   0.146,  0.000,  0.000,  0.000,  0.000,
			   0.000,  0.854,  0.000,  0.000,  0.854,
			   0.000,  0.000,  0.000,  0.000,  0.000,
			   0.146,  0.000,  0.000,  2.000,  0.000,
			   0.000,  0.146,  0.000,  0.000,  0.000,
			   0.000,  0.000,  0.854,  0.000,  0.000,
			   0.000,  0.000,  0.000,  0.000,  0.000,
			   0.000,  0.146,  0.000,  0.000,  2.000,
			   0.000,  0.000,  0.146,  0.000,  0.000,
			   0.000,  0.000,  0.000,  0.854,  0.000,
			   0.000,  0.000,  0.000,  0.000,  0.854,
			   0.000,  0.000,  0.146,  0.000,  0.000,
			   2.000,  0.000,  0.000,  0.146,  0.000,
			   0.000,  0.000,  0.000,  0.000,  0.854,
			   0.000,  0.000,  0.000,  0.000,  0.000,
			   0.854,  0.000,  0.000,  0.000,  0.000,
			   0.000,  2.000,  0.000,  0.000,  0.146,
			   0.000,  0.000,  0.000,  0.000,  0.000,
			   0.854,  0.000,  0.000,  0.000,  0.000,
			   0.000,  0.854,  0.000,  0.000,  0.000,
			   0.000,  0.000,  0.146,  0.000,  0.000,
			   0.146,  0.000,  0.000,  0.000,  0.000,
			   0.000,  0.854,  0.000,  0.000,  0.000,
			   0.000,  0.000,  0.854,  0.000,  0.000,
			   0.000,  0.000,  0.000,  0.146,  0.000,
			   0.000,  2.000,  0.000,  0.000,  0.000,
			   0.000,  0.000,  0.854,  0.000,  0.000,
			   0.000,  0.000,  0.000,  0.854,  0.000,
			   0.000,  0.000,  0.000,  0.000,  0.146,
			   0.000,  0.000,  2.000,  0.000,  0.000,
			   0.146,  0.000,  0.000,  0.854,  0.000,
			   0.000,  0.000,  0.000,  0.000,  0.854,
			   0.000,  0.000,  0.000,  0.000,  0.000,
			   0.146,  0.000,  0.000,  2.000,  0.000,
			   0.000,  0.146,  0.000,  0.000,  0.000,
			   0.000,  0.000]
pos =  [[  0.000000,  0.000000,  0.000000],
	[  0.062500,  0.000000,  0.000000],
	[  0.000000,  0.062500,  0.000000],
	[  0.125000,  0.000000,  0.000000],
	[  0.187500,  0.000000,  0.000000],
	[  0.125000,  0.062500,  0.000000],
	[  0.250000,  0.000000,  0.000000],
	[  0.312500,  0.000000,  0.000000],
	[  0.250000,  0.062500,  0.000000],
	[  0.375000,  0.000000,  0.000000],
	[  0.437500,  0.000000,  0.000000],
	[  0.375000,  0.062500,  0.000000],
	[  0.500000,  0.000000,  0.000000],
	[  0.562500,  0.000000,  0.000000],
	[  0.500000,  0.062500,  0.000000],
	[  0.625000,  0.000000,  0.000000],
	[  0.687500,  0.000000,  0.000000],
	[  0.625000,  0.062500,  0.000000],
	[  0.750000,  0.000000,  0.000000],
	[  0.812500,  0.000000,  0.000000],
	[  0.750000,  0.062500,  0.000000],
	[  0.875000,  0.000000,  0.000000],
	[  0.937500,  0.000000,  0.000000],
	[  0.875000,  0.062500,  0.000000],
	[  0.000000,  0.125000,  0.000000],
	[  0.062500,  0.125000,  0.000000],
	[  0.000000,  0.187500,  0.000000],
	[  0.125000,  0.125000,  0.000000],
	[  0.187500,  0.125000,  0.000000],
	[  0.125000,  0.187500,  0.000000],
	[  0.250000,  0.125000,  0.000000],
	[  0.312500,  0.125000,  0.000000],
	[  0.250000,  0.187500,  0.000000],
	[  0.375000,  0.125000,  0.000000],
	[  0.437500,  0.125000,  0.000000],
	[  0.375000,  0.187500,  0.000000],
	[  0.500000,  0.125000,  0.000000],
	[  0.562500,  0.125000,  0.000000],
	[  0.500000,  0.187500,  0.000000],
	[  0.625000,  0.125000,  0.000000],
	[  0.687500,  0.125000,  0.000000],
	[  0.625000,  0.187500,  0.000000],
	[  0.750000,  0.125000,  0.000000],
	[  0.812500,  0.125000,  0.000000],
	[  0.750000,  0.187500,  0.000000],
	[  0.875000,  0.125000,  0.000000],
	[  0.937500,  0.125000,  0.000000],
	[  0.875000,  0.187500,  0.000000],
	[  0.000000,  0.250000,  0.000000],
	[  0.062500,  0.250000,  0.000000],
	[  0.000000,  0.312500,  0.000000],
	[  0.125000,  0.250000,  0.000000],
	[  0.187500,  0.250000,  0.000000],
	[  0.125000,  0.312500,  0.000000],
	[  0.250000,  0.250000,  0.000000],
	[  0.312500,  0.250000,  0.000000],
	[  0.250000,  0.312500,  0.000000],
	[  0.375000,  0.250000,  0.000000],
	[  0.437500,  0.250000,  0.000000],
	[  0.375000,  0.312500,  0.000000],
	[  0.500000,  0.250000,  0.000000],
	[  0.562500,  0.250000,  0.000000],
	[  0.500000,  0.312500,  0.000000],
	[  0.625000,  0.250000,  0.000000],
	[  0.687500,  0.250000,  0.000000],
	[  0.625000,  0.312500,  0.000000],
	[  0.750000,  0.250000,  0.000000],
	[  0.812500,  0.250000,  0.000000],
	[  0.750000,  0.312500,  0.000000],
	[  0.875000,  0.250000,  0.000000],
	[  0.937500,  0.250000,  0.000000],
	[  0.875000,  0.312500,  0.000000],
	[  0.000000,  0.375000,  0.000000],
	[  0.062500,  0.375000,  0.000000],
	[  0.000000,  0.437500,  0.000000],
	[  0.125000,  0.375000,  0.000000],
	[  0.187500,  0.375000,  0.000000],
	[  0.125000,  0.437500,  0.000000],
	[  0.250000,  0.375000,  0.000000],
	[  0.312500,  0.375000,  0.000000],
	[  0.250000,  0.437500,  0.000000],
	[  0.375000,  0.375000,  0.000000],
	[  0.437500,  0.375000,  0.000000],
	[  0.375000,  0.437500,  0.000000],
	[  0.500000,  0.375000,  0.000000],
	[  0.562500,  0.375000,  0.000000],
	[  0.500000,  0.437500,  0.000000],
	[  0.625000,  0.375000,  0.000000],
	[  0.687500,  0.375000,  0.000000],
	[  0.625000,  0.437500,  0.000000],
	[  0.750000,  0.375000,  0.000000],
	[  0.812500,  0.375000,  0.000000],
	[  0.750000,  0.437500,  0.000000],
	[  0.875000,  0.375000,  0.000000],
	[  0.937500,  0.375000,  0.000000],
	[  0.875000,  0.437500,  0.000000],
	[  0.000000,  0.500000,  0.000000],
	[  0.062500,  0.500000,  0.000000],
	[  0.000000,  0.562500,  0.000000],
	[  0.125000,  0.500000,  0.000000],
	[  0.187500,  0.500000,  0.000000],
	[  0.125000,  0.562500,  0.000000],
	[  0.250000,  0.500000,  0.000000],
	[  0.312500,  0.500000,  0.000000],
	[  0.250000,  0.562500,  0.000000],
	[  0.375000,  0.500000,  0.000000],
	[  0.437500,  0.500000,  0.000000],
	[  0.375000,  0.562500,  0.000000],
	[  0.500000,  0.500000,  0.000000],
	[  0.562500,  0.500000,  0.000000],
	[  0.500000,  0.562500,  0.000000],
	[  0.625000,  0.500000,  0.000000],
	[  0.687500,  0.500000,  0.000000],
	[  0.625000,  0.562500,  0.000000],
	[  0.750000,  0.500000,  0.000000],
	[  0.812500,  0.500000,  0.000000],
	[  0.750000,  0.562500,  0.000000],
	[  0.875000,  0.500000,  0.000000],
	[  0.937500,  0.500000,  0.000000],
	[  0.875000,  0.562500,  0.000000],
	[  0.000000,  0.625000,  0.000000],
	[  0.062500,  0.625000,  0.000000],
	[  0.000000,  0.687500,  0.000000],
	[  0.125000,  0.625000,  0.000000],
	[  0.187500,  0.625000,  0.000000],
	[  0.125000,  0.687500,  0.000000],
	[  0.250000,  0.625000,  0.000000],
	[  0.312500,  0.625000,  0.000000],
	[  0.250000,  0.687500,  0.000000],
	[  0.375000,  0.625000,  0.000000],
	[  0.437500,  0.625000,  0.000000],
	[  0.375000,  0.687500,  0.000000],
	[  0.500000,  0.625000,  0.000000],
	[  0.562500,  0.625000,  0.000000],
	[  0.500000,  0.687500,  0.000000],
	[  0.625000,  0.625000,  0.000000],
	[  0.687500,  0.625000,  0.000000],
	[  0.625000,  0.687500,  0.000000],
	[  0.750000,  0.625000,  0.000000],
	[  0.812500,  0.625000,  0.000000],
	[  0.750000,  0.687500,  0.000000],
	[  0.875000,  0.625000,  0.000000],
	[  0.937500,  0.625000,  0.000000],
	[  0.875000,  0.687500,  0.000000],
	[  0.000000,  0.750000,  0.000000],
	[  0.062500,  0.750000,  0.000000],
	[  0.000000,  0.812500,  0.000000],
	[  0.125000,  0.750000,  0.000000],
	[  0.187500,  0.750000,  0.000000],
	[  0.125000,  0.812500,  0.000000],
	[  0.250000,  0.750000,  0.000000],
	[  0.312500,  0.750000,  0.000000],
	[  0.250000,  0.812500,  0.000000],
	[  0.375000,  0.750000,  0.000000],
	[  0.437500,  0.750000,  0.000000],
	[  0.375000,  0.812500,  0.000000],
	[  0.500000,  0.750000,  0.000000],
	[  0.562500,  0.750000,  0.000000],
	[  0.500000,  0.812500,  0.000000],
	[  0.625000,  0.750000,  0.000000],
	[  0.687500,  0.750000,  0.000000],
	[  0.625000,  0.812500,  0.000000],
	[  0.750000,  0.750000,  0.000000],
	[  0.812500,  0.750000,  0.000000],
	[  0.750000,  0.812500,  0.000000],
	[  0.875000,  0.750000,  0.000000],
	[  0.937500,  0.750000,  0.000000],
	[  0.875000,  0.812500,  0.000000],
	[  0.000000,  0.875000,  0.000000],
	[  0.062500,  0.875000,  0.000000],
	[  0.000000,  0.937500,  0.000000],
	[  0.125000,  0.875000,  0.000000],
	[  0.187500,  0.875000,  0.000000],
	[  0.125000,  0.937500,  0.000000],
	[  0.250000,  0.875000,  0.000000],
	[  0.312500,  0.875000,  0.000000],
	[  0.250000,  0.937500,  0.000000],
	[  0.375000,  0.875000,  0.000000],
	[  0.437500,  0.875000,  0.000000],
	[  0.375000,  0.937500,  0.000000],
	[  0.500000,  0.875000,  0.000000],
	[  0.562500,  0.875000,  0.000000],
	[  0.500000,  0.937500,  0.000000],
	[  0.625000,  0.875000,  0.000000],
	[  0.687500,  0.875000,  0.000000],
	[  0.625000,  0.937500,  0.000000],
	[  0.750000,  0.875000,  0.000000],
	[  0.812500,  0.875000,  0.000000],
	[  0.750000,  0.937500,  0.000000],
	[  0.875000,  0.875000,  0.000000],
	[  0.937500,  0.875000,  0.000000],
	[  0.875000,  0.937500,  0.000000]]
lattice_vectors = [[  8.000000,  0.000000,  0.000000],
		   [  0.000000,  8.000000,  0.000000],
		   [  0.000000,  0.000000, 10.000000]]
num_electrons =  64.000
