# n U phase
0.00 0.10 2
0.50 0.10 2
1.00 0.10 2
1.50 0.10 2
2.00 0.10 2
2.50 0.10 2
3.00 0.10 2
3.50 0.10 2
4.00 0.10 2
4.50 0.10 2
5.00 0.10 2
5.50 0.10 2
6.00 0.10 2
6.50 0.10 2
7.00 0.10 2
7.50 0.10 2
8.00 0.10 2
8.50 0.10 2
9.00 0.10 2
9.50 0.10 2
10.00 0.10 2
10.50 0.10 2
11.00 0.10 2
11.50 0.10 2
12.00 0.10 2
12.50 0.10 1
13.00 0.10 1
13.50 0.10 1
14.00 0.10 1
14.50 0.10 1
15.00 0.10 1
15.50 0.10 1
16.00 0.10 1
16.50 0.10 1
17.00 0.10 1
17.50 0.10 1
18.00 0.10 1
18.50 0.10 1
19.00 0.10 1
19.50 0.10 1
20.00 0.10 1
0.00 0.20 2
0.50 0.20 2
1.00 0.20 2
1.50 0.20 2
2.00 0.20 2
2.50 0.20 2
3.00 0.20 2
3.50 0.20 2
4.00 0.20 2
4.50 0.20 2
5.00 0.20 2
5.50 0.20 2
6.00 0.20 2
6.50 0.20 2
7.00 0.20 2
7.50 0.20 2
8.00 0.20 2
8.50 0.20 2
9.00 0.20 2
9.50 0.20 2
10.00 0.20 2
10.50 0.20 2
11.00 0.20 2
11.50 0.20 2
12.00 0.20 1
12.50 0.20 1
13.00 0.20 1
13.50 0.20 1
14.00 0.20 1
14.50 0.20 1
15.00 0.20 1
15.50 0.20 1
16.00 0.20 1
16.50 0.20 1
17.00 0.20 1
17.50 0.20 1
18.00 0.20 1
18.50 0.20 1
19.00 0.20 1
19.50 0.20 1
20.00 0.20 1
0.00 0.30 2
0.50 0.30 2
1.00 0.30 2
1.50 0.30 2
2.00 0.30 2
2.50 0.30 2
3.00 0.30 2
3.50 0.30 2
4.00 0.30 2
4.50 0.30 2
5.00 0.30 2
5.50 0.30 2
6.00 0.30 2
6.50 0.30 2
7.00 0.30 2
7.50 0.30 2
8.00 0.30 2
8.50 0.30 2
9.00 0.30 2
9.50 0.30 2
10.00 0.30 2
10.50 0.30 2
11.00 0.30 2
11.50 0.30 1
12.00 0.30 1
12.50 0.30 1
13.00 0.30 1
13.50 0.30 1
14.00 0.30 1
14.50 0.30 1
15.00 0.30 1
15.50 0.30 1
16.00 0.30 1
16.50 0.30 1
17.00 0.30 1
17.50 0.30 1
18.00 0.30 1
18.50 0.30 1
19.00 0.30 1
19.50 0.30 1
20.00 0.30 1
0.00 0.40 2
0.50 0.40 2
1.00 0.40 2
1.50 0.40 2
2.00 0.40 2
2.50 0.40 2
3.00 0.40 2
3.50 0.40 2
4.00 0.40 2
4.50 0.40 2
5.00 0.40 2
5.50 0.40 2
6.00 0.40 2
6.50 0.40 2
7.00 0.40 2
7.50 0.40 2
8.00 0.40 2
8.50 0.40 2
9.00 0.40 2
9.50 0.40 2
10.00 0.40 2
10.50 0.40 2
11.00 0.40 1
11.50 0.40 1
12.00 0.40 1
12.50 0.40 1
13.00 0.40 1
13.50 0.40 1
14.00 0.40 1
14.50 0.40 1
15.00 0.40 1
15.50 0.40 1
16.00 0.40 1
16.50 0.40 1
17.00 0.40 1
17.50 0.40 1
18.00 0.40 1
18.50 0.40 1
19.00 0.40 1
19.50 0.40 1
20.00 0.40 1
0.00 0.50 2
0.50 0.50 2
1.00 0.50 2
1.50 0.50 2
2.00 0.50 2
2.50 0.50 2
3.00 0.50 2
3.50 0.50 2
4.00 0.50 2
4.50 0.50 2
5.00 0.50 2
5.50 0.50 2
6.00 0.50 2
6.50 0.50 2
7.00 0.50 2
7.50 0.50 2
8.00 0.50 2
8.50 0.50 2
9.00 0.50 2
9.50 0.50 2
10.00 0.50 2
10.50 0.50 1
11.00 0.50 1
11.50 0.50 1
12.00 0.50 1
12.50 0.50 1
13.00 0.50 1
13.50 0.50 1
14.00 0.50 1
14.50 0.50 1
15.00 0.50 1
15.50 0.50 1
16.00 0.50 1
16.50 0.50 1
17.00 0.50 1
17.50 0.50 1
18.00 0.50 1
18.50 0.50 1
19.00 0.50 1
19.50 0.50 1
20.00 0.50 1
0.00 0.60 2
0.50 0.60 2
1.00 0.60 2
1.50 0.60 2
2.00 0.60 2
2.50 0.60 2
3.00 0.60 2
3.50 0.60 2
4.00 0.60 2
4.50 0.60 2
5.00 0.60 2
5.50 0.60 2
6.00 0.60 2
6.50 0.60 2
7.00 0.60 2
7.50 0.60 2
8.00 0.60 2
8.50 0.60 2
9.00 0.60 2
9.50 0.60 2
10.00 0.60 1
10.50 0.60 1
11.00 0.60 1
11.50 0.60 1
12.00 0.60 1
12.50 0.60 1
13.00 0.60 1
13.50 0.60 1
14.00 0.60 1
14.50 0.60 1
15.00 0.60 1
15.50 0.60 1
16.00 0.60 1
16.50 0.60 1
17.00 0.60 1
17.50 0.60 1
18.00 0.60 1
18.50 0.60 1
19.00 0.60 1
19.50 0.60 1
20.00 0.60 1
0.00 0.70 2
0.50 0.70 2
1.00 0.70 2
1.50 0.70 2
2.00 0.70 2
2.50 0.70 2
3.00 0.70 2
3.50 0.70 2
4.00 0.70 2
4.50 0.70 2
5.00 0.70 2
5.50 0.70 2
6.00 0.70 2
6.50 0.70 2
7.00 0.70 2
7.50 0.70 2
8.00 0.70 2
8.50 0.70 2
9.00 0.70 2
9.50 0.70 1
10.00 0.70 1
10.50 0.70 1
11.00 0.70 1
11.50 0.70 1
12.00 0.70 1
12.50 0.70 1
13.00 0.70 1
13.50 0.70 1
14.00 0.70 1
14.50 0.70 1
15.00 0.70 1
15.50 0.70 1
16.00 0.70 1
16.50 0.70 1
17.00 0.70 1
17.50 0.70 1
18.00 0.70 1
18.50 0.70 1
19.00 0.70 1
19.50 0.70 1
20.00 0.70 1
0.00 0.80 2
0.50 0.80 2
1.00 0.80 2
1.50 0.80 2
2.00 0.80 2
2.50 0.80 2
3.00 0.80 2
3.50 0.80 2
4.00 0.80 2
4.50 0.80 2
5.00 0.80 2
5.50 0.80 2
6.00 0.80 2
6.50 0.80 2
7.00 0.80 2
7.50 0.80 2
8.00 0.80 2
8.50 0.80 2
9.00 0.80 1
9.50 0.80 1
10.00 0.80 1
10.50 0.80 1
11.00 0.80 1
11.50 0.80 1
12.00 0.80 1
12.50 0.80 1
13.00 0.80 1
13.50 0.80 1
14.00 0.80 1
14.50 0.80 1
15.00 0.80 1
15.50 0.80 1
16.00 0.80 1
16.50 0.80 1
17.00 0.80 1
17.50 0.80 1
18.00 0.80 1
18.50 0.80 1
19.00 0.80 1
19.50 0.80 1
20.00 0.80 1
0.00 0.90 2
0.50 0.90 2
1.00 0.90 2
1.50 0.90 2
2.00 0.90 2
2.50 0.90 2
3.00 0.90 2
3.50 0.90 2
4.00 0.90 2
4.50 0.90 2
5.00 0.90 2
5.50 0.90 2
6.00 0.90 2
6.50 0.90 2
7.00 0.90 2
7.50 0.90 2
8.00 0.90 2
8.50 0.90 1
9.00 0.90 1
9.50 0.90 1
10.00 0.90 1
10.50 0.90 1
11.00 0.90 1
11.50 0.90 1
12.00 0.90 1
12.50 0.90 1
13.00 0.90 1
13.50 0.90 1
14.00 0.90 1
14.50 0.90 1
15.00 0.90 1
15.50 0.90 1
16.00 0.90 1
16.50 0.90 1
17.00 0.90 1
17.50 0.90 1
18.00 0.90 1
18.50 0.90 1
19.00 0.90 1
19.50 0.90 1
20.00 0.90 1
0.00 1.00 2
0.50 1.00 2
1.00 1.00 2
1.50 1.00 2
2.00 1.00 2
2.50 1.00 2
3.00 1.00 2
3.50 1.00 2
4.00 1.00 2
4.50 1.00 2
5.00 1.00 2
5.50 1.00 2
6.00 1.00 2
6.50 1.00 2
7.00 1.00 2
7.50 1.00 2
8.00 1.00 2
8.50 1.00 1
9.00 1.00 1
9.50 1.00 1
10.00 1.00 1
10.50 1.00 1
11.00 1.00 1
11.50 1.00 1
12.00 1.00 1
12.50 1.00 1
13.00 1.00 1
13.50 1.00 1
14.00 1.00 1
14.50 1.00 1
15.00 1.00 1
15.50 1.00 1
16.00 1.00 1
16.50 1.00 1
17.00 1.00 1
17.50 1.00 1
18.00 1.00 1
18.50 1.00 1
19.00 1.00 1
19.50 1.00 1
20.00 1.00 1
0.00 1.10 2
0.50 1.10 2
1.00 1.10 2
1.50 1.10 2
2.00 1.10 2
2.50 1.10 2
3.00 1.10 2
3.50 1.10 2
4.00 1.10 2
4.50 1.10 2
5.00 1.10 2
5.50 1.10 2
6.00 1.10 2
6.50 1.10 2
7.00 1.10 2
7.50 1.10 2
8.00 1.10 1
8.50 1.10 1
9.00 1.10 1
9.50 1.10 1
10.00 1.10 1
10.50 1.10 1
11.00 1.10 1
11.50 1.10 1
12.00 1.10 1
12.50 1.10 1
13.00 1.10 1
13.50 1.10 1
14.00 1.10 1
14.50 1.10 1
15.00 1.10 1
15.50 1.10 1
16.00 1.10 1
16.50 1.10 1
17.00 1.10 1
17.50 1.10 1
18.00 1.10 1
18.50 1.10 1
19.00 1.10 1
19.50 1.10 1
20.00 1.10 1
0.00 1.20 2
0.50 1.20 2
1.00 1.20 2
1.50 1.20 2
2.00 1.20 2
2.50 1.20 2
3.00 1.20 2
3.50 1.20 2
4.00 1.20 2
4.50 1.20 2
5.00 1.20 2
5.50 1.20 2
6.00 1.20 2
6.50 1.20 2
7.00 1.20 2
7.50 1.20 1
8.00 1.20 1
8.50 1.20 1
9.00 1.20 1
9.50 1.20 1
10.00 1.20 1
10.50 1.20 1
11.00 1.20 1
11.50 1.20 1
12.00 1.20 1
12.50 1.20 1
13.00 1.20 1
13.50 1.20 1
14.00 1.20 1
14.50 1.20 1
15.00 1.20 1
15.50 1.20 1
16.00 1.20 1
16.50 1.20 1
17.00 1.20 1
17.50 1.20 1
18.00 1.20 1
18.50 1.20 1
19.00 1.20 1
19.50 1.20 1
20.00 1.20 1
0.00 1.30 2
0.50 1.30 2
1.00 1.30 2
1.50 1.30 2
2.00 1.30 2
2.50 1.30 2
3.00 1.30 2
3.50 1.30 2
4.00 1.30 2
4.50 1.30 2
5.00 1.30 2
5.50 1.30 2
6.00 1.30 0
6.50 1.30 0
7.00 1.30 1
7.50 1.30 1
8.00 1.30 1
8.50 1.30 1
9.00 1.30 1
9.50 1.30 1
10.00 1.30 1
10.50 1.30 1
11.00 1.30 1
11.50 1.30 1
12.00 1.30 1
12.50 1.30 1
13.00 1.30 1
13.50 1.30 1
14.00 1.30 1
14.50 1.30 1
15.00 1.30 1
15.50 1.30 1
16.00 1.30 1
16.50 1.30 1
17.00 1.30 1
17.50 1.30 1
18.00 1.30 1
18.50 1.30 1
19.00 1.30 1
19.50 1.30 1
20.00 1.30 1
0.00 1.40 2
0.50 1.40 2
1.00 1.40 2
1.50 1.40 2
2.00 1.40 2
2.50 1.40 2
3.00 1.40 2
3.50 1.40 2
4.00 1.40 2
4.50 1.40 2
5.00 1.40 0
5.50 1.40 0
6.00 1.40 0
6.50 1.40 3
7.00 1.40 3
7.50 1.40 1
8.00 1.40 1
8.50 1.40 1
9.00 1.40 1
9.50 1.40 1
10.00 1.40 1
10.50 1.40 1
11.00 1.40 1
11.50 1.40 1
12.00 1.40 1
12.50 1.40 1
13.00 1.40 1
13.50 1.40 1
14.00 1.40 1
14.50 1.40 1
15.00 1.40 1
15.50 1.40 1
16.00 1.40 1
16.50 1.40 1
17.00 1.40 1
17.50 1.40 1
18.00 1.40 1
18.50 1.40 1
19.00 1.40 1
19.50 1.40 1
20.00 1.40 1
0.00 1.50 2
0.50 1.50 2
1.00 1.50 2
1.50 1.50 2
2.00 1.50 2
2.50 1.50 2
3.00 1.50 2
3.50 1.50 2
4.00 1.50 2
4.50 1.50 0
5.00 1.50 0
5.50 1.50 3
6.00 1.50 3
6.50 1.50 3
7.00 1.50 3
7.50 1.50 1
8.00 1.50 1
8.50 1.50 1
9.00 1.50 1
9.50 1.50 1
10.00 1.50 1
10.50 1.50 1
11.00 1.50 1
11.50 1.50 1
12.00 1.50 1
12.50 1.50 1
13.00 1.50 1
13.50 1.50 1
14.00 1.50 1
14.50 1.50 1
15.00 1.50 1
15.50 1.50 1
16.00 1.50 1
16.50 1.50 1
17.00 1.50 1
17.50 1.50 1
18.00 1.50 1
18.50 1.50 1
19.00 1.50 1
19.50 1.50 1
20.00 1.50 1
0.00 1.60 2
0.50 1.60 2
1.00 1.60 2
1.50 1.60 2
2.00 1.60 2
2.50 1.60 2
3.00 1.60 2
3.50 1.60 0
4.00 1.60 0
4.50 1.60 0
5.00 1.60 3
5.50 1.60 3
6.00 1.60 3
6.50 1.60 3
7.00 1.60 3
7.50 1.60 3
8.00 1.60 3
8.50 1.60 1
9.00 1.60 1
9.50 1.60 1
10.00 1.60 1
10.50 1.60 1
11.00 1.60 1
11.50 1.60 1
12.00 1.60 1
12.50 1.60 1
13.00 1.60 1
13.50 1.60 1
14.00 1.60 1
14.50 1.60 1
15.00 1.60 1
15.50 1.60 1
16.00 1.60 1
16.50 1.60 1
17.00 1.60 1
17.50 1.60 1
18.00 1.60 1
18.50 1.60 1
19.00 1.60 1
19.50 1.60 1
20.00 1.60 1
0.00 1.70 2
0.50 1.70 2
1.00 1.70 2
1.50 1.70 2
2.00 1.70 2
2.50 1.70 2
3.00 1.70 0
3.50 1.70 0
4.00 1.70 3
4.50 1.70 3
5.00 1.70 3
5.50 1.70 3
6.00 1.70 3
6.50 1.70 3
7.00 1.70 3
7.50 1.70 3
8.00 1.70 3
8.50 1.70 3
9.00 1.70 3
9.50 1.70 3
10.00 1.70 1
10.50 1.70 1
11.00 1.70 1
11.50 1.70 1
12.00 1.70 1
12.50 1.70 1
13.00 1.70 1
13.50 1.70 1
14.00 1.70 1
14.50 1.70 1
15.00 1.70 1
15.50 1.70 1
16.00 1.70 1
16.50 1.70 1
17.00 1.70 1
17.50 1.70 1
18.00 1.70 1
18.50 1.70 1
19.00 1.70 1
19.50 1.70 1
20.00 1.70 1
0.00 1.80 2
0.50 1.80 2
1.00 1.80 2
1.50 1.80 2
2.00 1.80 2
2.50 1.80 0
3.00 1.80 3
3.50 1.80 3
4.00 1.80 3
4.50 1.80 3
5.00 1.80 3
5.50 1.80 3
6.00 1.80 3
6.50 1.80 3
7.00 1.80 3
7.50 1.80 3
8.00 1.80 3
8.50 1.80 3
9.00 1.80 3
9.50 1.80 3
10.00 1.80 3
10.50 1.80 3
11.00 1.80 3
11.50 1.80 3
12.00 1.80 3
12.50 1.80 3
13.00 1.80 1
13.50 1.80 1
14.00 1.80 1
14.50 1.80 1
15.00 1.80 1
15.50 1.80 1
16.00 1.80 1
16.50 1.80 1
17.00 1.80 1
17.50 1.80 1
18.00 1.80 1
18.50 1.80 1
19.00 1.80 1
19.50 1.80 1
20.00 1.80 1
0.00 1.90 2
0.50 1.90 2
1.00 1.90 2
1.50 1.90 0
2.00 1.90 0
2.50 1.90 3
3.00 1.90 3
3.50 1.90 3
4.00 1.90 3
4.50 1.90 3
5.00 1.90 3
5.50 1.90 3
6.00 1.90 3
6.50 1.90 3
7.00 1.90 3
7.50 1.90 3
8.00 1.90 3
8.50 1.90 3
9.00 1.90 3
9.50 1.90 3
10.00 1.90 3
10.50 1.90 3
11.00 1.90 3
11.50 1.90 3
12.00 1.90 3
12.50 1.90 3
13.00 1.90 3
13.50 1.90 3
14.00 1.90 3
14.50 1.90 3
15.00 1.90 3
15.50 1.90 3
16.00 1.90 3
16.50 1.90 3
17.00 1.90 3
17.50 1.90 3
18.00 1.90 3
18.50 1.90 3
19.00 1.90 3
19.50 1.90 3
20.00 1.90 3
0.00 2.00 2
0.50 2.00 2
1.00 2.00 0
1.50 2.00 0
2.00 2.00 0
2.50 2.00 0
3.00 2.00 0
3.50 2.00 0
4.00 2.00 0
4.50 2.00 0
5.00 2.00 0
5.50 2.00 0
6.00 2.00 0
6.50 2.00 0
7.00 2.00 0
7.50 2.00 0
8.00 2.00 0
8.50 2.00 0
9.00 2.00 0
9.50 2.00 0
10.00 2.00 0
10.50 2.00 0
11.00 2.00 0
11.50 2.00 0
12.00 2.00 0
12.50 2.00 0
13.00 2.00 0
13.50 2.00 0
14.00 2.00 0
14.50 2.00 0
15.00 2.00 0
15.50 2.00 0
16.00 2.00 0
16.50 2.00 0
17.00 2.00 0
17.50 2.00 0
18.00 2.00 0
18.50 2.00 0
19.00 2.00 0
19.50 2.00 0
20.00 2.00 0
